<?xml version="1.0" encoding="utf-8"?>
<COLLADA xmlns="http://www.collada.org/2005/11/COLLADASchema" version="1.4.1">
  <asset>
    <contributor>
      <author>Mixamo</author>
      <authoring_tool>COLLADA Mixamo exporter</authoring_tool>
      <comments/>
    </contributor>
    <created>2026-04-22T18:16:42Z</created>
    <modified>2026-04-22T18:16:42Z</modified>
    <revision/>
    <title/>
    <unit meter="0.010000"/>
    <up_axis>Y_UP</up_axis>
  </asset>
  <library_animations>
    <animation id="mixamorig_Hips-anim" name="mixamorig_Hips">
      <source id="mixamorig_Hips-Matrix-animation-input">
        <float_array id="mixamorig_Hips-Matrix-animation-input-array" count="247">

0.000000 0.033333 0.066667 0.100000 0.133333 0.166667 0.200000 0.233333 0.266667 0.300000 0.333333 0.366667 0.400000 0.433333 0.466667 0.500000
0.533333 0.566667 0.600000 0.633333 0.666667 0.700000 0.733333 0.766667 0.800000 0.833333 0.866667 0.900000 0.933333 0.966667 1.000000 1.033333
1.066667 1.100000 1.133333 1.166667 1.200000 1.233333 1.266667 1.300000 1.333333 1.366667 1.400000 1.433333 1.466667 1.500000 1.533333 1.566667
1.600000 1.633333 1.666667 1.700000 1.733333 1.766667 1.800000 1.833333 1.866667 1.900000 1.933333 1.966667 2.000000 2.033333 2.066667 2.100000
2.133333 2.166667 2.200000 2.233333 2.266667 2.300000 2.333333 2.366667 2.400000 2.433333 2.466667 2.500000 2.533333 2.566667 2.600000 2.633333
2.666667 2.700000 2.733333 2.766667 2.800000 2.833333 2.866667 2.900000 2.933333 2.966667 3.000000 3.033333 3.066667 3.100000 3.133333 3.166667
3.200000 3.233333 3.266667 3.300000 3.333333 3.366667 3.400000 3.433333 3.466667 3.500000 3.533333 3.566667 3.600000 3.633333 3.666667 3.700000
3.733333 3.766667 3.800000 3.833333 3.866667 3.900000 3.933333 3.966667 4.000000 4.033333 4.066667 4.100000 4.133333 4.166667 4.200000 4.233333
4.266667 4.300000 4.333333 4.366667 4.400000 4.433333 4.466667 4.500000 4.533333 4.566667 4.600000 4.633333 4.666667 4.700000 4.733333 4.766667
4.800000 4.833333 4.866667 4.900000 4.933333 4.966667 5.000000 5.033333 5.066667 5.100000 5.133333 5.166667 5.200000 5.233333 5.266667 5.300000
5.333333 5.366667 5.400000 5.433333 5.466667 5.500000 5.533333 5.566667 5.600000 5.633333 5.666667 5.700000 5.733333 5.766667 5.800000 5.833333
5.866667 5.900000 5.933333 5.966667 6.000000 6.033333 6.066667 6.100000 6.133333 6.166667 6.200000 6.233333 6.266667 6.300000 6.333333 6.366667
6.400000 6.433333 6.466667 6.500000 6.533333 6.566667 6.600000 6.633333 6.666667 6.700000 6.733333 6.766667 6.800000 6.833333 6.866667 6.900000
6.933333 6.966667 7.000000 7.033333 7.066667 7.100000 7.133333 7.166667 7.200000 7.233333 7.266667 7.300000 7.333333 7.366667 7.400000 7.433333
7.466667 7.500000 7.533333 7.566667 7.600000 7.633333 7.666667 7.700000 7.733333 7.766667 7.800000 7.833333 7.866667 7.900000 7.933333 7.966667
8.000000 8.033333 8.066667 8.100000 8.133333 8.166667 8.200000</float_array>
        <technique_common>
          <accessor source="#mixamorig_Hips-Matrix-animation-input-array" count="247">
            <param name="TIME" type="float"/>
          </accessor>
        </technique_common>
      </source>
      <source id="mixamorig_Hips-Matrix-animation-output-transform">
        <float_array id="mixamorig_Hips-Matrix-animation-output-transform-array" count="3952">

0.994070 0.059360 -0.091110 0.104721 -0.053526 0.996436 0.065194 98.213623 0.094655 -0.059931 0.993705 -0.422443 0.000000 0.000000 0.000000 1.000000
0.994049 0.059361 -0.091343 0.106159 -0.053530 0.996447 0.065023 98.215607 0.094878 -0.059746 0.993694 -0.416179 0.000000 0.000000 0.000000 1.000000
0.994029 0.059361 -0.091553 0.107590 -0.053533 0.996458 0.064848 98.217598 0.095078 -0.059560 0.993686 -0.410021 0.000000 0.000000 0.000000 1.000000
0.994009 0.059361 -0.091775 0.109025 -0.053537 0.996469 0.064675 98.219582 0.095290 -0.059374 0.993677 -0.403810 0.000000 0.000000 0.000000 1.000000
0.993984 0.059364 -0.092042 0.110474 -0.053540 0.996480 0.064508 98.221558 0.095547 -0.059192 0.993663 -0.397390 0.000000 0.000000 0.000000 1.000000
0.993951 0.059373 -0.092388 0.111945 -0.053543 0.996490 0.064353 98.223518 0.095885 -0.059017 0.993641 -0.390602 0.000000 0.000000 0.000000 1.000000
0.993888 0.059402 -0.093053 0.113525 -0.053543 0.996497 0.064239 98.225586 0.096543 -0.058864 0.993587 -0.382324 0.000000 0.000000 0.000000 1.000000
0.993806 0.059448 -0.093890 0.115130 -0.053548 0.996502 0.064158 98.227287 0.097376 -0.058733 0.993513 -0.373280 0.000000 0.000000 0.000000 1.000000
0.993734 0.059511 -0.094614 0.116556 -0.053574 0.996504 0.064101 98.227219 0.098098 -0.058631 0.993448 -0.364945 0.000000 0.000000 0.000000 1.000000
0.993658 0.059610 -0.095344 0.117968 -0.053630 0.996501 0.064102 98.228119 0.098832 -0.058582 0.993378 -0.356090 0.000000 0.000000 0.000000 1.000000
0.993586 0.059698 -0.096034 0.119830 -0.053698 0.996511 0.063899 98.230049 0.099513 -0.058333 0.993325 -0.347577 0.000000 0.000000 0.000000 1.000000
0.993514 0.059784 -0.096721 0.121804 -0.053766 0.996522 0.063667 98.232178 0.100191 -0.058054 0.993273 -0.339091 0.000000 0.000000 0.000000 1.000000
0.993443 0.059869 -0.097397 0.123672 -0.053837 0.996533 0.063426 98.234215 0.100857 -0.057767 0.993223 -0.330681 0.000000 0.000000 0.000000 1.000000
0.993373 0.059958 -0.098054 0.125216 -0.053911 0.996544 0.063195 98.235870 0.101504 -0.057490 0.993173 -0.322400 0.000000 0.000000 0.000000 1.000000
0.993316 0.060065 -0.098565 0.124506 -0.054008 0.996551 0.063004 98.234909 0.102010 -0.057259 0.993134 -0.315086 0.000000 0.000000 0.000000 1.000000
0.993259 0.060245 -0.099030 0.120292 -0.054178 0.996551 0.062852 98.234360 0.102474 -0.057063 0.993098 -0.308680 0.000000 0.000000 0.000000 1.000000
0.993206 0.060435 -0.099447 0.114857 -0.054362 0.996552 0.062678 98.233704 0.102892 -0.056846 0.993067 -0.302602 0.000000 0.000000 0.000000 1.000000
0.993172 0.060597 -0.099682 0.106816 -0.054546 0.996562 0.062355 98.232147 0.103118 -0.056492 0.993064 -0.297265 0.000000 0.000000 0.000000 1.000000
0.993154 0.060715 -0.099796 0.098834 -0.054694 0.996576 0.062002 98.231560 0.103219 -0.056119 0.993074 -0.290210 0.000000 0.000000 0.000000 1.000000
0.993138 0.060824 -0.099886 0.090830 -0.054835 0.996591 0.061643 98.231178 0.103295 -0.055743 0.993088 -0.282796 0.000000 0.000000 0.000000 1.000000
0.993127 0.060919 -0.099938 0.082277 -0.054965 0.996606 0.061283 98.231056 0.103332 -0.055369 0.993105 -0.274764 0.000000 0.000000 0.000000 1.000000
0.993127 0.061009 -0.099880 0.072048 -0.055098 0.996621 0.060915 98.231331 0.103258 -0.054993 0.993133 -0.266813 0.000000 0.000000 0.000000 1.000000
0.993132 0.061030 -0.099825 0.061803 -0.055158 0.996639 0.060559 98.232292 0.103186 -0.054636 0.993160 -0.255130 0.000000 0.000000 0.000000 1.000000
0.993128 0.060969 -0.099893 0.053072 -0.055132 0.996663 0.060189 98.233978 0.103229 -0.054268 0.993176 -0.238658 0.000000 0.000000 0.000000 1.000000
0.993123 0.060893 -0.099997 0.044743 -0.055092 0.996690 0.059785 98.235977 0.103307 -0.053865 0.993190 -0.221118 0.000000 0.000000 0.000000 1.000000
0.993118 0.060798 -0.100106 0.036500 -0.055030 0.996716 0.059406 98.238014 0.103389 -0.053488 0.993202 -0.202655 0.000000 0.000000 0.000000 1.000000
0.993117 0.060681 -0.100185 0.028031 -0.054939 0.996739 0.059107 98.239799 0.103445 -0.053196 0.993212 -0.183412 0.000000 0.000000 0.000000 1.000000
0.993124 0.060538 -0.100201 0.019022 -0.054812 0.996755 0.058947 98.241028 0.103445 -0.053049 0.993219 -0.163533 0.000000 0.000000 0.000000 1.000000
0.993145 0.060343 -0.100111 0.009414 -0.054616 0.996763 0.058996 98.241386 0.103347 -0.053124 0.993226 -0.142585 0.000000 0.000000 0.000000 1.000000
0.993177 0.060098 -0.099936 -0.000689 -0.054355 0.996763 0.059231 98.241028 0.103172 -0.053395 0.993229 -0.120342 0.000000 0.000000 0.000000 1.000000
0.993212 0.059843 -0.099742 -0.011356 -0.054075 0.996759 0.059566 98.240433 0.102984 -0.053768 0.993229 -0.097258 0.000000 0.000000 0.000000 1.000000
0.993240 0.059616 -0.099596 -0.022656 -0.053819 0.996752 0.059913 98.240051 0.102844 -0.054148 0.993223 -0.073791 0.000000 0.000000 0.000000 1.000000
0.993249 0.059464 -0.099597 -0.036337 -0.053619 0.996735 0.060365 98.240234 0.102861 -0.054618 0.993195 -0.047884 0.000000 0.000000 0.000000 1.000000
0.993257 0.059339 -0.099594 -0.050816 -0.053439 0.996712 0.060899 98.240318 0.102880 -0.055166 0.993163 -0.022485 0.000000 0.000000 0.000000 1.000000
0.993283 0.059195 -0.099424 -0.063462 -0.053255 0.996693 0.061378 98.239716 0.102729 -0.055670 0.993150 -0.001939 0.000000 0.000000 0.000000 1.000000
0.993318 0.059036 -0.099165 -0.075595 -0.053060 0.996673 0.061865 98.238800 0.102487 -0.056190 0.993146 0.016184 0.000000 0.000000 0.000000 1.000000
0.993374 0.058818 -0.098730 -0.087442 -0.052808 0.996652 0.062416 98.237587 0.102071 -0.056789 0.993155 0.030460 0.000000 0.000000 0.000000 1.000000
0.993458 0.058529 -0.098059 -0.098852 -0.052500 0.996633 0.062976 98.236305 0.101415 -0.057416 0.993186 0.042321 0.000000 0.000000 0.000000 1.000000
0.993592 0.058135 -0.096927 -0.109288 -0.052135 0.996630 0.063328 98.233788 0.100282 -0.057868 0.993275 0.045637 0.000000 0.000000 0.000000 1.000000
0.993729 0.057729 -0.095759 -0.119488 -0.051763 0.996628 0.063665 98.231232 0.099111 -0.058309 0.993366 0.048538 0.000000 0.000000 0.000000 1.000000
0.993867 0.057317 -0.094566 -0.129645 -0.051387 0.996626 0.063993 98.228600 0.097915 -0.058741 0.993460 0.050975 0.000000 0.000000 0.000000 1.000000
0.994005 0.056904 -0.093362 -0.139949 -0.051014 0.996625 0.064313 98.225883 0.096706 -0.059165 0.993553 0.052899 0.000000 0.000000 0.000000 1.000000
0.994140 0.056497 -0.092157 -0.150592 -0.050647 0.996623 0.064629 98.223068 0.095498 -0.059583 0.993645 0.054261 0.000000 0.000000 0.000000 1.000000
0.994273 0.056100 -0.090966 -0.161766 -0.050291 0.996621 0.064944 98.220123 0.094302 -0.059997 0.993734 0.055010 0.000000 0.000000 0.000000 1.000000
0.994404 0.055746 -0.089744 -0.175156 -0.049983 0.996617 0.065237 98.216324 0.093077 -0.060386 0.993826 0.051393 0.000000 0.000000 0.000000 1.000000
0.994523 0.055434 -0.088607 -0.190880 -0.049717 0.996614 0.065486 98.212219 0.091937 -0.060722 0.993912 0.045740 0.000000 0.000000 0.000000 1.000000
0.994623 0.055138 -0.087663 -0.207796 -0.049459 0.996614 0.065690 98.208557 0.090989 -0.061001 0.993982 0.042469 0.000000 0.000000 0.000000 1.000000
0.994702 0.054881 -0.086924 -0.226447 -0.049232 0.996614 0.065860 98.205711 0.090245 -0.061232 0.994035 0.040436 0.000000 0.000000 0.000000 1.000000
0.994763 0.054670 -0.086362 -0.247168 -0.049039 0.996612 0.066033 98.204140 0.089680 -0.061452 0.994073 0.039417 0.000000 0.000000 0.000000 1.000000
0.994812 0.054481 -0.085907 -0.268714 -0.048863 0.996610 0.066193 98.203133 0.089222 -0.061652 0.994102 0.039059 0.000000 0.000000 0.000000 1.000000
0.994849 0.054304 -0.085600 -0.289080 -0.048697 0.996611 0.066289 98.202339 0.088910 -0.061780 0.994122 0.039912 0.000000 0.000000 0.000000 1.000000
0.994868 0.054141 -0.085483 -0.307439 -0.048542 0.996620 0.066276 98.201622 0.088782 -0.061787 0.994133 0.042286 0.000000 0.000000 0.000000 1.000000
0.994873 0.053992 -0.085514 -0.324618 -0.048397 0.996632 0.066198 98.201126 0.088800 -0.061720 0.994135 0.045873 0.000000 0.000000 0.000000 1.000000
0.994873 0.053843 -0.085612 -0.341093 -0.048248 0.996643 0.066139 98.200928 0.088886 -0.061669 0.994131 0.050293 0.000000 0.000000 0.000000 1.000000
0.994846 0.053698 -0.086016 -0.354208 -0.048072 0.996648 0.066195 98.202209 0.089283 -0.061719 0.994092 0.058756 0.000000 0.000000 0.000000 1.000000
0.994814 0.053608 -0.086433 -0.360560 -0.047938 0.996641 0.066392 98.202324 0.089701 -0.061904 0.994043 0.068254 0.000000 0.000000 0.000000 1.000000
0.994783 0.053514 -0.086855 -0.366868 -0.047800 0.996635 0.066588 98.202377 0.090126 -0.062089 0.993993 0.077885 0.000000 0.000000 0.000000 1.000000
0.994751 0.053419 -0.087279 -0.373070 -0.047660 0.996628 0.066786 98.202415 0.090553 -0.062276 0.993943 0.087596 0.000000 0.000000 0.000000 1.000000
0.994718 0.053325 -0.087705 -0.379106 -0.047521 0.996622 0.066987 98.202423 0.090980 -0.062466 0.993892 0.097330 0.000000 0.000000 0.000000 1.000000
0.994686 0.053235 -0.088127 -0.384913 -0.047385 0.996614 0.067193 98.202400 0.091406 -0.062660 0.993840 0.107032 0.000000 0.000000 0.000000 1.000000
0.994653 0.053153 -0.088545 -0.390430 -0.047257 0.996606 0.067407 98.202370 0.091827 -0.062862 0.993789 0.116647 0.000000 0.000000 0.000000 1.000000
0.994620 0.053081 -0.088954 -0.395597 -0.047138 0.996596 0.067630 98.202316 0.092241 -0.063073 0.993737 0.126120 0.000000 0.000000 0.000000 1.000000
0.994588 0.053022 -0.089353 -0.400352 -0.047031 0.996585 0.067864 98.202263 0.092647 -0.063294 0.993685 0.135395 0.000000 0.000000 0.000000 1.000000
0.994555 0.052978 -0.089739 -0.404634 -0.046940 0.996573 0.068111 98.202209 0.093040 -0.063528 0.993634 0.144417 0.000000 0.000000 0.000000 1.000000
0.994518 0.053012 -0.090135 -0.406118 -0.046919 0.996553 0.068422 98.202324 0.093451 -0.063818 0.993576 0.152466 0.000000 0.000000 0.000000 1.000000
0.994482 0.053134 -0.090460 -0.404446 -0.046983 0.996522 0.068817 98.202316 0.093802 -0.064187 0.993520 0.159233 0.000000 0.000000 0.000000 1.000000
0.994466 0.053274 -0.090555 -0.402502 -0.047076 0.996488 0.069253 98.201538 0.093927 -0.064607 0.993481 0.165280 0.000000 0.000000 0.000000 1.000000
0.994466 0.053429 -0.090456 -0.399312 -0.047193 0.996449 0.069725 98.199997 0.093860 -0.065070 0.993457 0.170274 0.000000 0.000000 0.000000 1.000000
0.994471 0.053618 -0.090287 -0.393999 -0.047346 0.996406 0.070233 98.198143 0.093728 -0.065571 0.993436 0.174259 0.000000 0.000000 0.000000 1.000000
0.994485 0.053799 -0.090029 -0.389601 -0.047496 0.996363 0.070746 98.196030 0.093507 -0.066079 0.993423 0.178360 0.000000 0.000000 0.000000 1.000000
0.994511 0.053928 -0.089660 -0.389153 -0.047605 0.996323 0.071228 98.193680 0.093172 -0.066569 0.993422 0.183700 0.000000 0.000000 0.000000 1.000000
0.994554 0.053965 -0.089161 -0.395689 -0.047636 0.996292 0.071647 98.191132 0.092697 -0.067009 0.993437 0.191404 0.000000 0.000000 0.000000 1.000000
0.994608 0.053934 -0.088576 -0.407182 -0.047610 0.996266 0.072019 98.188461 0.092130 -0.067414 0.993462 0.200786 0.000000 0.000000 0.000000 1.000000
0.994664 0.053892 -0.087968 -0.419526 -0.047576 0.996241 0.072386 98.185722 0.091538 -0.067815 0.993490 0.210401 0.000000 0.000000 0.000000 1.000000
0.994723 0.053840 -0.087337 -0.432635 -0.047533 0.996217 0.072747 98.182945 0.090924 -0.068212 0.993519 0.220231 0.000000 0.000000 0.000000 1.000000
0.994783 0.053778 -0.086689 -0.446425 -0.047484 0.996193 0.073103 98.180122 0.090290 -0.068605 0.993550 0.230258 0.000000 0.000000 0.000000 1.000000
0.994844 0.053708 -0.086025 -0.460813 -0.047428 0.996170 0.073454 98.177269 0.089640 -0.068995 0.993582 0.240467 0.000000 0.000000 0.000000 1.000000
0.994907 0.053631 -0.085348 -0.475713 -0.047367 0.996147 0.073801 98.174385 0.088977 -0.069383 0.993614 0.250838 0.000000 0.000000 0.000000 1.000000
0.994970 0.053548 -0.084662 -0.491042 -0.047301 0.996125 0.074145 98.171486 0.088305 -0.069767 0.993647 0.261356 0.000000 0.000000 0.000000 1.000000
0.995033 0.053460 -0.083970 -0.506714 -0.047231 0.996103 0.074486 98.168579 0.087625 -0.070150 0.993680 0.272003 0.000000 0.000000 0.000000 1.000000
0.995097 0.053367 -0.083275 -0.522646 -0.047158 0.996081 0.074824 98.165672 0.086942 -0.070530 0.993714 0.282761 0.000000 0.000000 0.000000 1.000000
0.995160 0.053272 -0.082579 -0.538753 -0.047083 0.996059 0.075160 98.162781 0.086257 -0.070908 0.993746 0.293614 0.000000 0.000000 0.000000 1.000000
0.995222 0.053174 -0.081886 -0.554951 -0.047006 0.996038 0.075494 98.159904 0.085576 -0.071284 0.993778 0.304544 0.000000 0.000000 0.000000 1.000000
0.995284 0.053076 -0.081198 -0.571155 -0.046928 0.996016 0.075827 98.157059 0.084899 -0.071659 0.993809 0.315534 0.000000 0.000000 0.000000 1.000000
0.995344 0.052977 -0.080519 -0.587281 -0.046851 0.995994 0.076160 98.154236 0.084231 -0.072033 0.993839 0.326567 0.000000 0.000000 0.000000 1.000000
0.995403 0.052880 -0.079852 -0.603245 -0.046774 0.995972 0.076493 98.151466 0.083575 -0.072406 0.993867 0.337625 0.000000 0.000000 0.000000 1.000000
0.995460 0.052784 -0.079199 -0.618962 -0.046698 0.995950 0.076826 98.148743 0.082933 -0.072779 0.993894 0.348691 0.000000 0.000000 0.000000 1.000000
0.995516 0.052692 -0.078564 -0.634348 -0.046625 0.995928 0.077160 98.146080 0.082309 -0.073151 0.993919 0.359749 0.000000 0.000000 0.000000 1.000000
0.995529 0.052497 -0.078525 -0.653962 -0.046418 0.995925 0.077326 98.146469 0.082264 -0.073335 0.993909 0.379205 0.000000 0.000000 0.000000 1.000000
0.995530 0.052291 -0.078652 -0.670874 -0.046190 0.995923 0.077482 98.148483 0.082383 -0.073503 0.993887 0.399580 0.000000 0.000000 0.000000 1.000000
0.995519 0.052102 -0.078916 -0.687367 -0.045973 0.995925 0.077586 98.151093 0.082637 -0.073611 0.993857 0.421376 0.000000 0.000000 0.000000 1.000000
0.995505 0.051921 -0.079210 -0.700091 -0.045757 0.995923 0.077743 98.153481 0.082923 -0.073769 0.993822 0.438032 0.000000 0.000000 0.000000 1.000000
0.995491 0.051747 -0.079501 -0.706835 -0.045537 0.995911 0.078026 98.155090 0.083214 -0.074054 0.993776 0.445541 0.000000 0.000000 0.000000 1.000000
0.995476 0.051576 -0.079798 -0.711722 -0.045317 0.995895 0.078354 98.156425 0.083511 -0.074383 0.993727 0.450189 0.000000 0.000000 0.000000 1.000000
0.995461 0.051405 -0.080092 -0.715248 -0.045097 0.995880 0.078676 98.157852 0.083807 -0.074707 0.993678 0.453134 0.000000 0.000000 0.000000 1.000000
0.995447 0.051229 -0.080379 -0.717911 -0.044876 0.995868 0.078944 98.159744 0.084091 -0.074977 0.993633 0.455538 0.000000 0.000000 0.000000 1.000000
0.995439 0.051019 -0.080610 -0.712079 -0.044656 0.995885 0.078862 98.164719 0.084302 -0.074902 0.993621 0.450624 0.000000 0.000000 0.000000 1.000000
0.995433 0.050732 -0.080861 -0.701208 -0.044375 0.995922 0.078557 98.167534 0.084517 -0.074610 0.993625 0.440685 0.000000 0.000000 0.000000 1.000000
0.995427 0.050470 -0.081102 -0.688259 -0.044125 0.995960 0.078210 98.170074 0.084722 -0.074274 0.993633 0.427136 0.000000 0.000000 0.000000 1.000000
0.995420 0.050273 -0.081318 -0.674058 -0.043940 0.995994 0.077883 98.172981 0.084907 -0.073954 0.993641 0.410032 0.000000 0.000000 0.000000 1.000000
0.995412 0.050080 -0.081525 -0.659584 -0.043759 0.996027 0.077561 98.175911 0.085085 -0.073637 0.993649 0.392239 0.000000 0.000000 0.000000 1.000000
0.995405 0.049893 -0.081728 -0.644911 -0.043585 0.996060 0.077238 98.178856 0.085260 -0.073321 0.993657 0.373970 0.000000 0.000000 0.000000 1.000000
0.995397 0.049713 -0.081933 -0.630114 -0.043417 0.996092 0.076914 98.181816 0.085436 -0.073002 0.993666 0.355441 0.000000 0.000000 0.000000 1.000000
0.995389 0.049540 -0.082142 -0.615267 -0.043257 0.996124 0.076584 98.184799 0.085618 -0.072677 0.993674 0.336866 0.000000 0.000000 0.000000 1.000000
0.995379 0.049376 -0.082362 -0.600446 -0.043106 0.996157 0.076245 98.187805 0.085810 -0.072342 0.993682 0.318461 0.000000 0.000000 0.000000 1.000000
0.995367 0.049221 -0.082597 -0.585724 -0.042964 0.996190 0.075894 98.190826 0.086017 -0.071994 0.993689 0.300441 0.000000 0.000000 0.000000 1.000000
0.995344 0.049149 -0.082917 -0.571358 -0.042904 0.996223 0.075490 98.193771 0.086314 -0.071581 0.993693 0.283078 0.000000 0.000000 0.000000 1.000000
0.995313 0.049125 -0.083295 -0.556438 -0.042895 0.996261 0.074995 98.197395 0.086667 -0.071071 0.993699 0.267323 0.000000 0.000000 0.000000 1.000000
0.995286 0.049055 -0.083659 -0.540106 -0.042854 0.996309 0.074371 98.202393 0.086998 -0.070436 0.993715 0.253197 0.000000 0.000000 0.000000 1.000000
0.995258 0.048996 -0.084026 -0.522704 -0.042824 0.996358 0.073741 98.208244 0.087333 -0.069793 0.993731 0.242267 0.000000 0.000000 0.000000 1.000000
0.995229 0.048981 -0.084380 -0.504555 -0.042832 0.996397 0.073200 98.214493 0.087662 -0.069237 0.993741 0.235207 0.000000 0.000000 0.000000 1.000000
0.995199 0.048979 -0.084733 -0.485950 -0.042851 0.996433 0.072693 98.221024 0.087992 -0.068713 0.993748 0.230092 0.000000 0.000000 0.000000 1.000000
0.995168 0.048953 -0.085109 -0.466970 -0.042839 0.996467 0.072242 98.227692 0.088345 -0.068247 0.993749 0.226564 0.000000 0.000000 0.000000 1.000000
0.995133 0.048795 -0.085608 -0.446144 -0.042660 0.996486 0.072081 98.235039 0.088825 -0.068078 0.993718 0.230847 0.000000 0.000000 0.000000 1.000000
0.995095 0.048703 -0.086101 -0.427243 -0.042528 0.996487 0.072147 98.239708 0.089313 -0.068132 0.993671 0.233629 0.000000 0.000000 0.000000 1.000000
0.995063 0.048644 -0.086511 -0.410241 -0.042428 0.996481 0.072292 98.243393 0.089723 -0.068265 0.993625 0.236509 0.000000 0.000000 0.000000 1.000000
0.995047 0.048642 -0.086694 -0.397143 -0.042393 0.996466 0.072521 98.245926 0.089915 -0.068486 0.993592 0.240241 0.000000 0.000000 0.000000 1.000000
0.995036 0.048650 -0.086808 -0.385704 -0.042370 0.996448 0.072777 98.248138 0.090041 -0.068738 0.993563 0.244889 0.000000 0.000000 0.000000 1.000000
0.995023 0.048624 -0.086978 -0.373913 -0.042310 0.996433 0.073011 98.250900 0.090217 -0.068967 0.993531 0.250858 0.000000 0.000000 0.000000 1.000000
0.995009 0.048589 -0.087153 -0.362335 -0.042243 0.996419 0.073239 98.253784 0.090400 -0.069192 0.993499 0.257340 0.000000 0.000000 0.000000 1.000000
0.994995 0.048568 -0.087327 -0.351295 -0.042191 0.996406 0.073445 98.256493 0.090580 -0.069393 0.993469 0.263223 0.000000 0.000000 0.000000 1.000000
0.994978 0.048616 -0.087490 -0.343060 -0.042220 0.996399 0.073532 98.258270 0.090749 -0.069469 0.993448 0.265746 0.000000 0.000000 0.000000 1.000000
0.994967 0.048671 -0.087584 -0.336159 -0.042270 0.996398 0.073513 98.258965 0.090846 -0.069440 0.993441 0.265530 0.000000 0.000000 0.000000 1.000000
0.994959 0.048720 -0.087647 -0.329349 -0.042323 0.996402 0.073424 98.260460 0.090909 -0.069345 0.993442 0.264106 0.000000 0.000000 0.000000 1.000000
0.994956 0.048802 -0.087646 -0.324730 -0.042416 0.996407 0.073310 98.263000 0.090909 -0.069222 0.993450 0.263450 0.000000 0.000000 0.000000 1.000000
0.994952 0.048888 -0.087635 -0.320373 -0.042513 0.996411 0.073193 98.265717 0.090899 -0.069098 0.993460 0.262866 0.000000 0.000000 0.000000 1.000000
0.994949 0.048977 -0.087624 -0.316266 -0.042614 0.996416 0.073071 98.268417 0.090889 -0.068967 0.993470 0.262419 0.000000 0.000000 0.000000 1.000000
0.994944 0.049067 -0.087624 -0.312401 -0.042716 0.996421 0.072937 98.270889 0.090890 -0.068825 0.993480 0.262175 0.000000 0.000000 0.000000 1.000000
0.994933 0.049169 -0.087692 -0.310613 -0.042834 0.996432 0.072721 98.271935 0.090955 -0.068596 0.993490 0.263502 0.000000 0.000000 0.000000 1.000000
0.994920 0.049323 -0.087759 -0.310243 -0.043001 0.996439 0.072529 98.269539 0.091024 -0.068386 0.993498 0.263165 0.000000 0.000000 0.000000 1.000000
0.994910 0.049494 -0.087774 -0.311962 -0.043185 0.996442 0.072380 98.266418 0.091044 -0.068221 0.993507 0.262886 0.000000 0.000000 0.000000 1.000000
0.994910 0.049681 -0.087671 -0.317142 -0.043385 0.996438 0.072309 98.263374 0.090952 -0.068138 0.993522 0.263137 0.000000 0.000000 0.000000 1.000000
0.994913 0.049874 -0.087526 -0.323814 -0.043592 0.996432 0.072271 98.260246 0.090818 -0.068088 0.993537 0.263682 0.000000 0.000000 0.000000 1.000000
0.994914 0.050058 -0.087409 -0.330771 -0.043789 0.996427 0.072227 98.257202 0.090712 -0.068032 0.993551 0.265264 0.000000 0.000000 0.000000 1.000000
0.994910 0.050220 -0.087360 -0.337464 -0.043958 0.996422 0.072182 98.254616 0.090673 -0.067975 0.993558 0.269514 0.000000 0.000000 0.000000 1.000000
0.994901 0.050367 -0.087381 -0.345453 -0.044112 0.996422 0.072086 98.251648 0.090699 -0.067863 0.993563 0.274621 0.000000 0.000000 0.000000 1.000000
0.994884 0.050500 -0.087492 -0.356163 -0.044259 0.996432 0.071865 98.247055 0.090809 -0.067625 0.993570 0.278288 0.000000 0.000000 0.000000 1.000000
0.994863 0.050638 -0.087653 -0.367933 -0.044412 0.996446 0.071576 98.242424 0.090966 -0.067316 0.993576 0.281500 0.000000 0.000000 0.000000 1.000000
0.994834 0.050825 -0.087872 -0.379685 -0.044620 0.996464 0.071193 98.240280 0.091180 -0.066905 0.993584 0.284078 0.000000 0.000000 0.000000 1.000000
0.994791 0.050995 -0.088266 -0.389678 -0.044801 0.996485 0.070786 98.240013 0.091566 -0.066463 0.993579 0.290570 0.000000 0.000000 0.000000 1.000000
0.994744 0.051168 -0.088688 -0.399540 -0.044985 0.996506 0.070370 98.240051 0.091979 -0.066010 0.993571 0.297448 0.000000 0.000000 0.000000 1.000000
0.994699 0.051324 -0.089110 -0.408994 -0.045150 0.996527 0.069968 98.240112 0.092392 -0.065574 0.993561 0.304984 0.000000 0.000000 0.000000 1.000000
0.994657 0.051440 -0.089503 -0.417764 -0.045274 0.996547 0.069603 98.239960 0.092774 -0.065179 0.993552 0.313453 0.000000 0.000000 0.000000 1.000000
0.994623 0.051504 -0.089850 -0.425665 -0.045345 0.996565 0.069295 98.239441 0.093111 -0.064848 0.993542 0.323126 0.000000 0.000000 0.000000 1.000000
0.994592 0.051530 -0.090171 -0.432882 -0.045375 0.996582 0.069026 98.238708 0.093419 -0.064561 0.993531 0.333793 0.000000 0.000000 0.000000 1.000000
0.994563 0.051535 -0.090485 -0.439692 -0.045384 0.996600 0.068767 98.238007 0.093722 -0.064287 0.993521 0.344998 0.000000 0.000000 0.000000 1.000000
0.994533 0.051534 -0.090817 -0.446371 -0.045388 0.996619 0.068488 98.237526 0.094039 -0.063992 0.993510 0.356286 0.000000 0.000000 0.000000 1.000000
0.994499 0.051447 -0.091237 -0.451293 -0.045310 0.996648 0.068112 98.238548 0.094435 -0.063604 0.993497 0.369343 0.000000 0.000000 0.000000 1.000000
0.994468 0.051368 -0.091620 -0.455565 -0.045243 0.996678 0.067728 98.239494 0.094795 -0.063208 0.993488 0.380281 0.000000 0.000000 0.000000 1.000000
0.994438 0.051291 -0.091994 -0.459728 -0.045178 0.996707 0.067341 98.240425 0.095145 -0.062810 0.993480 0.390798 0.000000 0.000000 0.000000 1.000000
0.994409 0.051219 -0.092339 -0.464079 -0.045123 0.996736 0.066943 98.241188 0.095467 -0.062402 0.993475 0.400933 0.000000 0.000000 0.000000 1.000000
0.994394 0.051177 -0.092529 -0.469470 -0.045112 0.996767 0.066487 98.241119 0.095633 -0.061940 0.993488 0.409175 0.000000 0.000000 0.000000 1.000000
0.994379 0.051106 -0.092733 -0.473832 -0.045070 0.996797 0.066059 98.240646 0.095812 -0.061508 0.993497 0.419028 0.000000 0.000000 0.000000 1.000000
0.994358 0.051017 -0.093004 -0.474759 -0.044992 0.996821 0.065761 98.242668 0.096063 -0.061206 0.993492 0.431277 0.000000 0.000000 0.000000 1.000000
0.994335 0.050936 -0.093288 -0.474642 -0.044915 0.996838 0.065543 98.244904 0.096332 -0.060982 0.993479 0.443578 0.000000 0.000000 0.000000 1.000000
0.994309 0.050888 -0.093597 -0.473534 -0.044860 0.996849 0.065423 98.246712 0.096632 -0.060852 0.993458 0.454813 0.000000 0.000000 0.000000 1.000000
0.994286 0.050858 -0.093857 -0.472376 -0.044812 0.996850 0.065443 98.247398 0.096890 -0.060863 0.993432 0.465319 0.000000 0.000000 0.000000 1.000000
0.994273 0.050827 -0.094005 -0.472102 -0.044754 0.996840 0.065627 98.246071 0.097043 -0.061044 0.993406 0.475190 0.000000 0.000000 0.000000 1.000000
0.994265 0.050801 -0.094107 -0.472126 -0.044696 0.996825 0.065890 98.243950 0.097156 -0.061306 0.993379 0.484724 0.000000 0.000000 0.000000 1.000000
0.994257 0.050796 -0.094200 -0.472321 -0.044657 0.996809 0.066171 98.242149 0.097260 -0.061584 0.993352 0.494144 0.000000 0.000000 0.000000 1.000000
0.994246 0.050895 -0.094255 -0.473327 -0.044719 0.996782 0.066520 98.242371 0.097337 -0.061923 0.993323 0.503067 0.000000 0.000000 0.000000 1.000000
0.994233 0.051065 -0.094300 -0.475440 -0.044852 0.996753 0.066873 98.243141 0.097408 -0.062257 0.993295 0.511971 0.000000 0.000000 0.000000 1.000000
0.994225 0.051284 -0.094272 -0.479362 -0.045039 0.996721 0.067216 98.241768 0.097410 -0.062582 0.993275 0.519168 0.000000 0.000000 0.000000 1.000000
0.994218 0.051537 -0.094203 -0.482759 -0.045256 0.996683 0.067638 98.237190 0.097376 -0.062984 0.993253 0.521015 0.000000 0.000000 0.000000 1.000000
0.994211 0.051795 -0.094137 -0.485173 -0.045475 0.996643 0.068078 98.231888 0.097347 -0.063403 0.993229 0.520401 0.000000 0.000000 0.000000 1.000000
0.994199 0.052039 -0.094130 -0.483200 -0.045677 0.996603 0.068526 98.226143 0.097377 -0.063829 0.993199 0.512826 0.000000 0.000000 0.000000 1.000000
0.994214 0.052230 -0.093864 -0.484293 -0.045844 0.996566 0.068948 98.220238 0.097143 -0.064246 0.993195 0.510296 0.000000 0.000000 0.000000 1.000000
0.994232 0.052416 -0.093568 -0.485746 -0.046011 0.996531 0.069347 98.214386 0.096878 -0.064642 0.993195 0.507994 0.000000 0.000000 0.000000 1.000000
0.994252 0.052598 -0.093258 -0.487357 -0.046174 0.996495 0.069757 98.208481 0.096600 -0.065050 0.993195 0.506180 0.000000 0.000000 0.000000 1.000000
0.994271 0.052776 -0.092950 -0.488922 -0.046328 0.996456 0.070209 98.202415 0.096326 -0.065501 0.993192 0.505114 0.000000 0.000000 0.000000 1.000000
0.994289 0.052949 -0.092661 -0.490236 -0.046470 0.996412 0.070736 98.196083 0.096074 -0.066026 0.993182 0.505058 0.000000 0.000000 0.000000 1.000000
0.994301 0.053099 -0.092440 -0.490414 -0.046556 0.996349 0.071557 98.188866 0.095903 -0.066845 0.993144 0.509741 0.000000 0.000000 0.000000 1.000000
0.994315 0.053237 -0.092210 -0.491041 -0.046613 0.996274 0.072556 98.180565 0.095729 -0.067845 0.993093 0.516567 0.000000 0.000000 0.000000 1.000000
0.994347 0.053387 -0.091779 -0.496291 -0.046699 0.996199 0.073535 98.170067 0.095356 -0.068834 0.993061 0.519516 0.000000 0.000000 0.000000 1.000000
0.994387 0.053584 -0.091232 -0.506335 -0.046844 0.996122 0.074481 98.160065 0.094869 -0.069789 0.993040 0.520147 0.000000 0.000000 0.000000 1.000000
0.994429 0.053782 -0.090653 -0.517976 -0.046999 0.996048 0.075364 98.151077 0.094348 -0.070684 0.993027 0.520701 0.000000 0.000000 0.000000 1.000000
0.994478 0.053943 -0.090024 -0.532808 -0.047148 0.995994 0.075974 98.146660 0.093761 -0.071310 0.993038 0.523183 0.000000 0.000000 0.000000 1.000000
0.994529 0.053939 -0.089459 -0.546793 -0.047165 0.995979 0.076172 98.145012 0.093208 -0.071536 0.993073 0.519844 0.000000 0.000000 0.000000 1.000000
0.994582 0.053914 -0.088887 -0.560931 -0.047168 0.995967 0.076325 98.143700 0.092643 -0.071719 0.993113 0.515971 0.000000 0.000000 0.000000 1.000000
0.994631 0.053870 -0.088362 -0.574300 -0.047152 0.995960 0.076422 98.142700 0.092122 -0.071845 0.993152 0.511015 0.000000 0.000000 0.000000 1.000000
0.994672 0.053804 -0.087939 -0.585974 -0.047115 0.995959 0.076453 98.142014 0.091697 -0.071902 0.993188 0.504428 0.000000 0.000000 0.000000 1.000000
0.994702 0.053714 -0.087647 -0.595549 -0.047051 0.995967 0.076393 98.141670 0.091397 -0.071864 0.993218 0.495674 0.000000 0.000000 0.000000 1.000000
0.994726 0.053600 -0.087454 -0.603571 -0.046963 0.995982 0.076255 98.141663 0.091190 -0.071745 0.993246 0.485177 0.000000 0.000000 0.000000 1.000000
0.994745 0.053471 -0.087316 -0.610541 -0.046860 0.996000 0.076084 98.141914 0.091035 -0.071592 0.993271 0.473821 0.000000 0.000000 0.000000 1.000000
0.994763 0.053338 -0.087193 -0.616956 -0.046750 0.996017 0.075925 98.142334 0.090895 -0.071451 0.993294 0.462491 0.000000 0.000000 0.000000 1.000000
0.994765 0.053138 -0.087287 -0.617501 -0.046558 0.996038 0.075765 98.144386 0.090967 -0.071304 0.993298 0.449315 0.000000 0.000000 0.000000 1.000000
0.994769 0.052984 -0.087340 -0.617696 -0.046419 0.996061 0.075548 98.145050 0.090999 -0.071098 0.993310 0.434348 0.000000 0.000000 0.000000 1.000000
0.994760 0.052893 -0.087487 -0.615081 -0.046333 0.996077 0.075389 98.146126 0.091132 -0.070940 0.993309 0.420480 0.000000 0.000000 0.000000 1.000000
0.994751 0.052800 -0.087653 -0.612637 -0.046242 0.996093 0.075232 98.147377 0.091283 -0.070784 0.993306 0.407358 0.000000 0.000000 0.000000 1.000000
0.994741 0.052716 -0.087820 -0.609734 -0.046161 0.996108 0.075081 98.148567 0.091436 -0.070632 0.993303 0.393906 0.000000 0.000000 0.000000 1.000000
0.994731 0.052656 -0.087967 -0.605747 -0.046103 0.996122 0.074937 98.149467 0.091572 -0.070487 0.993301 0.379052 0.000000 0.000000 0.000000 1.000000
0.994722 0.052632 -0.088076 -0.600046 -0.046083 0.996133 0.074804 98.149841 0.091672 -0.070350 0.993301 0.361720 0.000000 0.000000 0.000000 1.000000
0.994719 0.052656 -0.088104 -0.592822 -0.046115 0.996139 0.074703 98.148964 0.091698 -0.070245 0.993306 0.341818 0.000000 0.000000 0.000000 1.000000
0.994718 0.052727 -0.088070 -0.583944 -0.046195 0.996141 0.074628 98.147095 0.091665 -0.070165 0.993315 0.319434 0.000000 0.000000 0.000000 1.000000
0.994715 0.052834 -0.088042 -0.572305 -0.046312 0.996142 0.074540 98.145485 0.091641 -0.070069 0.993324 0.293759 0.000000 0.000000 0.000000 1.000000
0.994703 0.052967 -0.088091 -0.556799 -0.046455 0.996146 0.074399 98.145393 0.091693 -0.069912 0.993330 0.263985 0.000000 0.000000 0.000000 1.000000
0.994683 0.053123 -0.088222 -0.537616 -0.046620 0.996153 0.074199 98.146950 0.091824 -0.069691 0.993333 0.230294 0.000000 0.000000 0.000000 1.000000
0.994659 0.053299 -0.088385 -0.516165 -0.046806 0.996161 0.073969 98.149269 0.091988 -0.069437 0.993336 0.194003 0.000000 0.000000 0.000000 1.000000
0.994633 0.053488 -0.088572 -0.493159 -0.047005 0.996170 0.073722 98.152069 0.092176 -0.069163 0.993338 0.156011 0.000000 0.000000 0.000000 1.000000
0.994604 0.053682 -0.088775 -0.469312 -0.047210 0.996179 0.073469 98.155090 0.092379 -0.068882 0.993339 0.117213 0.000000 0.000000 0.000000 1.000000
0.994575 0.053874 -0.088984 -0.445337 -0.047411 0.996188 0.073222 98.158051 0.092589 -0.068606 0.993338 0.078506 0.000000 0.000000 0.000000 1.000000
0.994547 0.054057 -0.089191 -0.421949 -0.047601 0.996196 0.072992 98.160667 0.092798 -0.068349 0.993336 0.040789 0.000000 0.000000 0.000000 1.000000
0.994510 0.054195 -0.089515 -0.396799 -0.047727 0.996198 0.072882 98.161919 0.093125 -0.068209 0.993315 0.005512 0.000000 0.000000 0.000000 1.000000
0.994481 0.054384 -0.089718 -0.373501 -0.047915 0.996199 0.072741 98.161789 0.093333 -0.068041 0.993307 -0.028884 0.000000 0.000000 0.000000 1.000000
0.994459 0.054581 -0.089850 -0.351618 -0.048133 0.996212 0.072426 98.161575 0.093462 -0.067700 0.993318 -0.063115 0.000000 0.000000 0.000000 1.000000
0.994433 0.054760 -0.090027 -0.330189 -0.048334 0.996228 0.072071 98.162498 0.093634 -0.067318 0.993328 -0.095932 0.000000 0.000000 0.000000 1.000000
0.994399 0.054903 -0.090309 -0.308999 -0.048492 0.996246 0.071714 98.165436 0.093907 -0.066933 0.993328 -0.126297 0.000000 0.000000 0.000000 1.000000
0.994364 0.055035 -0.090621 -0.287941 -0.048637 0.996265 0.071352 98.169052 0.094210 -0.066542 0.993326 -0.155826 0.000000 0.000000 0.000000 1.000000
0.994326 0.055163 -0.090953 -0.266888 -0.048778 0.996284 0.070989 98.172920 0.094531 -0.066150 0.993322 -0.185126 0.000000 0.000000 0.000000 1.000000
0.994287 0.055297 -0.091295 -0.245717 -0.048924 0.996302 0.070630 98.176682 0.094863 -0.065760 0.993316 -0.214803 0.000000 0.000000 0.000000 1.000000
0.994238 0.055459 -0.091738 -0.223832 -0.049089 0.996318 0.070294 98.180359 0.095299 -0.065385 0.993299 -0.246271 0.000000 0.000000 0.000000 1.000000
0.994187 0.055626 -0.092188 -0.201576 -0.049275 0.996344 0.069792 98.184738 0.095733 -0.064844 0.993293 -0.276873 0.000000 0.000000 0.000000 1.000000
0.994137 0.055714 -0.092668 -0.177425 -0.049395 0.996383 0.069139 98.190529 0.096185 -0.064157 0.993294 -0.304943 0.000000 0.000000 0.000000 1.000000
0.994090 0.055771 -0.093140 -0.152063 -0.049486 0.996424 0.068480 98.197258 0.096627 -0.063466 0.993295 -0.331177 0.000000 0.000000 0.000000 1.000000
0.994047 0.055782 -0.093586 -0.124498 -0.049530 0.996465 0.067852 98.206116 0.097040 -0.062813 0.993296 -0.354002 0.000000 0.000000 0.000000 1.000000
0.994009 0.055788 -0.093987 -0.096200 -0.049563 0.996500 0.067316 98.214813 0.097414 -0.062255 0.993295 -0.375386 0.000000 0.000000 0.000000 1.000000
0.993970 0.055820 -0.094382 -0.067385 -0.049611 0.996526 0.066897 98.221695 0.097788 -0.061811 0.993286 -0.398175 0.000000 0.000000 0.000000 1.000000
0.993946 0.055896 -0.094587 -0.040823 -0.049691 0.996532 0.066738 98.226021 0.097990 -0.061634 0.993277 -0.418167 0.000000 0.000000 0.000000 1.000000
0.993942 0.056026 -0.094549 -0.017728 -0.049814 0.996520 0.066836 98.227974 0.097965 -0.061722 0.993274 -0.434193 0.000000 0.000000 0.000000 1.000000
0.993941 0.056170 -0.094476 0.004968 -0.049950 0.996504 0.066962 98.229668 0.097907 -0.061838 0.993273 -0.449906 0.000000 0.000000 0.000000 1.000000
0.993942 0.056323 -0.094373 0.027297 -0.050094 0.996487 0.067118 98.231079 0.097822 -0.061984 0.993272 -0.465219 0.000000 0.000000 0.000000 1.000000
0.993945 0.056475 -0.094250 0.049288 -0.050236 0.996467 0.067306 98.232193 0.097718 -0.062164 0.993271 -0.480048 0.000000 0.000000 0.000000 1.000000
0.993950 0.056623 -0.094113 0.070971 -0.050371 0.996445 0.067528 98.232971 0.097602 -0.062379 0.993269 -0.494308 0.000000 0.000000 0.000000 1.000000
0.993956 0.056757 -0.093969 0.092377 -0.050490 0.996422 0.067785 98.233398 0.097480 -0.062631 0.993265 -0.507915 0.000000 0.000000 0.000000 1.000000
0.993963 0.056873 -0.093825 0.113537 -0.050585 0.996397 0.068082 98.233459 0.097359 -0.062924 0.993258 -0.520783 0.000000 0.000000 0.000000 1.000000
0.993971 0.056957 -0.093684 0.135559 -0.050638 0.996365 0.068507 98.232788 0.097245 -0.063350 0.993242 -0.532738 0.000000 0.000000 0.000000 1.000000
0.993982 0.057014 -0.093537 0.158599 -0.050647 0.996324 0.069085 98.231316 0.097132 -0.063931 0.993216 -0.543735 0.000000 0.000000 0.000000 1.000000
0.993995 0.057056 -0.093377 0.181247 -0.050639 0.996281 0.069710 98.229362 0.097008 -0.064563 0.993187 -0.553880 0.000000 0.000000 0.000000 1.000000
0.994009 0.057099 -0.093198 0.202096 -0.050637 0.996241 0.070280 98.227295 0.096861 -0.065140 0.993164 -0.563281 0.000000 0.000000 0.000000 1.000000
0.994025 0.057155 -0.092993 0.219740 -0.050668 0.996210 0.070693 98.225471 0.096681 -0.065559 0.993154 -0.572045 0.000000 0.000000 0.000000 1.000000
0.994042 0.057241 -0.092754 0.232772 -0.050754 0.996195 0.070845 98.224236 0.096456 -0.065715 0.993165 -0.580280 0.000000 0.000000 0.000000 1.000000
0.994062 0.057352 -0.092474 0.242518 -0.050891 0.996193 0.070775 98.223495 0.096182 -0.065649 0.993197 -0.588922 0.000000 0.000000 0.000000 1.000000
0.994084 0.057476 -0.092159 0.251214 -0.051052 0.996197 0.070606 98.222878 0.095867 -0.065483 0.993238 -0.598507 0.000000 0.000000 0.000000 1.000000
0.994108 0.057609 -0.091819 0.258816 -0.051232 0.996205 0.070355 98.222389 0.095524 -0.065237 0.993287 -0.608531 0.000000 0.000000 0.000000 1.000000
0.994132 0.057748 -0.091466 0.265279 -0.051425 0.996218 0.070042 98.221992 0.095165 -0.064927 0.993342 -0.618492 0.000000 0.000000 0.000000 1.000000
0.994157 0.057891 -0.091111 0.270558 -0.051626 0.996232 0.069683 98.221664 0.094802 -0.064572 0.993400 -0.627890 0.000000 0.000000 0.000000 1.000000
0.994180 0.058035 -0.090765 0.274609 -0.051829 0.996249 0.069298 98.221390 0.094446 -0.064191 0.993458 -0.636223 0.000000 0.000000 0.000000 1.000000
0.994201 0.058176 -0.090440 0.277386 -0.052029 0.996266 0.068905 98.221146 0.094111 -0.063800 0.993515 -0.642988 0.000000 0.000000 0.000000 1.000000
0.994220 0.058312 -0.090147 0.278846 -0.052220 0.996282 0.068523 98.220894 0.093807 -0.063419 0.993568 -0.647684 0.000000 0.000000 0.000000 1.000000
0.994235 0.058438 -0.089897 0.278943 -0.052396 0.996297 0.068169 98.220634 0.093547 -0.063066 0.993615 -0.649809 0.000000 0.000000 0.000000 1.000000
0.994246 0.058553 -0.089701 0.277633 -0.052552 0.996310 0.067862 98.220329 0.093343 -0.062758 0.993654 -0.648862 0.000000 0.000000 0.000000 1.000000
0.994249 0.058649 -0.089607 0.272286 -0.052679 0.996321 0.067596 98.220032 0.093242 -0.062487 0.993681 -0.641370 0.000000 0.000000 0.000000 1.000000
0.994242 0.058724 -0.089630 0.261511 -0.052776 0.996333 0.067348 98.219780 0.093257 -0.062230 0.993695 -0.625953 0.000000 0.000000 0.000000 1.000000
0.994230 0.058785 -0.089731 0.247116 -0.052853 0.996345 0.067113 98.219574 0.093349 -0.061983 0.993702 -0.605254 0.000000 0.000000 0.000000 1.000000
0.994214 0.058840 -0.089871 0.230912 -0.052921 0.996356 0.066883 98.219391 0.093479 -0.061740 0.993705 -0.581914 0.000000 0.000000 0.000000 1.000000
0.994198 0.058894 -0.090011 0.214708 -0.052988 0.996368 0.066654 98.219193 0.093610 -0.061498 0.993708 -0.558573 0.000000 0.000000 0.000000 1.000000
