<?xml version="1.0" encoding="utf-8"?>
<COLLADA xmlns="http://www.collada.org/2005/11/COLLADASchema" version="1.4.1">
  <asset>
    <contributor>
      <author>Mixamo</author>
      <authoring_tool>COLLADA Mixamo exporter</authoring_tool>
      <comments/>
    </contributor>
    <created>2026-04-22T18:46:06Z</created>
    <modified>2026-04-22T18:46:06Z</modified>
    <revision/>
    <title/>
    <unit meter="0.010000"/>
    <up_axis>Y_UP</up_axis>
  </asset>
  <library_animations>
    <animation id="mixamorig_Hips-anim" name="mixamorig_Hips">
      <source id="mixamorig_Hips-Matrix-animation-input">
        <float_array id="mixamorig_Hips-Matrix-animation-input-array" count="31">

0.000000 0.033333 0.066667 0.100000 0.133333 0.166667 0.200000 0.233333 0.266667 0.300000 0.333333 0.366667 0.400000 0.433333 0.466667 0.500000
0.533333 0.566667 0.600000 0.633333 0.666667 0.700000 0.733333 0.766667 0.800000 0.833333 0.866667 0.900000 0.933333 0.966667 1.000000</float_array>
        <technique_common>
          <accessor source="#mixamorig_Hips-Matrix-animation-input-array" count="31">
            <param name="TIME" type="float"/>
          </accessor>
        </technique_common>
      </source>
      <source id="mixamorig_Hips-Matrix-animation-output-transform">
        <float_array id="mixamorig_Hips-Matrix-animation-output-transform-array" count="496">

0.950887 -0.054336 0.304731 -0.305052 0.161868 0.926424 -0.339908 83.839745 -0.263840 0.372541 0.889720 0.317601 0.000000 0.000000 0.000000 1.000000
0.971126 0.089433 0.221169 -0.249798 -0.040353 0.975294 -0.217194 94.273933 -0.235129 0.201998 0.950743 0.117490 0.000000 0.000000 0.000000 1.000000
0.967162 0.220150 0.127009 0.290042 -0.209337 0.973397 -0.093151 105.852356 -0.144137 0.063505 0.987518 0.136621 0.000000 0.000000 0.000000 1.000000
0.958571 0.280266 0.050911 0.818256 -0.281312 0.959506 0.014553 118.086533 -0.044771 -0.028272 0.998597 0.295193 0.000000 0.000000 0.000000 1.000000
0.970843 0.239612 0.007013 0.870721 -0.239247 0.966709 0.090749 130.724060 0.014966 -0.089781 0.995849 0.514764 0.000000 0.000000 0.000000 1.000000
0.991228 0.131472 -0.013517 0.415413 -0.128046 0.980634 0.148193 143.246765 0.032739 -0.145163 0.988866 0.753392 0.000000 0.000000 0.000000 1.000000
0.998936 0.034976 -0.030071 -0.189075 -0.028388 0.980021 0.196858 155.015167 0.036355 -0.195795 0.979971 0.940549 0.000000 0.000000 0.000000 1.000000
0.998323 0.007206 -0.057438 -0.661053 0.005803 0.974768 0.223143 165.616501 0.057597 -0.223102 0.973092 1.138529 0.000000 0.000000 0.000000 1.000000
0.994918 0.042546 -0.091259 -1.068382 -0.021980 0.976254 0.215509 174.674591 0.098261 -0.212408 0.972228 1.414861 0.000000 0.000000 0.000000 1.000000
0.988754 0.096875 -0.113930 -1.640795 -0.074860 0.980124 0.183722 181.761017 0.129463 -0.173127 0.976354 1.763305 0.000000 0.000000 0.000000 1.000000
0.984644 0.131238 -0.115119 -2.435949 -0.113453 0.982248 0.149390 186.420563 0.132681 -0.134036 0.982054 2.145521 0.000000 0.000000 0.000000 1.000000
0.986606 0.128854 -0.100025 -3.294609 -0.115563 0.984901 0.128899 188.146088 0.115124 -0.115614 0.986600 2.540884 0.000000 0.000000 0.000000 1.000000
0.992987 0.087950 -0.078998 -4.000482 -0.077952 0.989491 0.121782 186.681732 0.088878 -0.114770 0.989408 2.954274 0.000000 0.000000 0.000000 1.000000
0.998565 0.008696 -0.052838 -4.407421 -0.002909 0.994077 0.108637 179.736588 0.053470 -0.108328 0.992676 3.470978 0.000000 0.000000 0.000000 1.000000
0.996711 -0.078090 -0.021639 -4.714074 0.079824 0.992139 0.096381 170.917953 0.013942 -0.097791 0.995109 3.998580 0.000000 0.000000 0.000000 1.000000
0.986147 -0.164077 0.024349 -4.818228 0.161753 0.983747 0.077964 158.212708 -0.036746 -0.072945 0.996659 4.477363 0.000000 0.000000 0.000000 1.000000
0.975716 -0.205870 0.074812 -4.772837 0.199664 0.976366 0.082725 143.645935 -0.090075 -0.065779 0.993760 4.810585 0.000000 0.000000 0.000000 1.000000
0.966688 -0.225995 0.120168 -4.670675 0.215200 0.971796 0.096449 128.853760 -0.138576 -0.067375 0.988057 5.069782 0.000000 0.000000 0.000000 1.000000
0.972799 -0.183056 0.141961 -4.434199 0.166256 0.978455 0.122416 114.796280 -0.161312 -0.095484 0.982274 5.104415 0.000000 0.000000 0.000000 1.000000
0.985096 -0.104392 0.136703 -4.029091 0.086007 0.987227 0.134110 103.708183 -0.148957 -0.120354 0.981492 5.011637 0.000000 0.000000 0.000000 1.000000
0.993082 -0.024197 0.114899 -3.368752 0.010592 0.993007 0.117578 94.228767 -0.116940 -0.115548 0.986394 4.848714 0.000000 0.000000 0.000000 1.000000
0.994649 0.019355 0.101486 -2.418467 -0.025826 0.997689 0.062844 87.017174 -0.100035 -0.065128 0.992850 4.664642 0.000000 0.000000 0.000000 1.000000
0.992458 0.001420 0.122574 -1.389793 0.002389 0.999519 -0.030923 83.528061 -0.122559 0.030983 0.991977 4.313195 0.000000 0.000000 0.000000 1.000000
0.980943 -0.064208 0.183382 -0.684368 0.090636 0.986054 -0.139578 83.693329 -0.171862 0.153539 0.973082 4.523523 0.000000 0.000000 0.000000 1.000000
0.953632 -0.135355 0.268820 -0.598733 0.199011 0.953624 -0.225821 85.734161 -0.225788 0.268848 0.936344 5.251115 0.000000 0.000000 0.000000 1.000000
0.917290 -0.171767 0.359271 -1.009808 0.279430 0.920423 -0.273386 86.760780 -0.283723 0.351165 0.892292 5.806445 0.000000 0.000000 0.000000 1.000000
0.883011 -0.163149 0.440084 -1.467645 0.313320 0.903028 -0.293890 86.266983 -0.349461 0.397395 0.848501 5.816708 0.000000 0.000000 0.000000 1.000000
0.861000 -0.128027 0.492227 -1.592248 0.309498 0.899871 -0.307317 85.265175 -0.403596 0.416943 0.814413 5.162848 0.000000 0.000000 0.000000 1.000000
0.865561 -0.090887 0.492486 -1.310664 0.278961 0.904203 -0.323415 84.516289 -0.415913 0.417320 0.807997 3.931712 0.000000 0.000000 0.000000 1.000000
0.900761 -0.065825 0.429299 -0.810094 0.227722 0.913262 -0.337779 84.107292 -0.369828 0.402019 0.837621 2.267927 0.000000 0.000000 0.000000 1.000000
0.950887 -0.054336 0.304731 -0.305053 0.161868 0.926424 -0.339908 83.839752 -0.263841 0.372540 0.889720 0.317604 0.000000 0.000000 0.000000 1.000000</float_array>
        <technique_common>
          <accessor source="#mixamorig_Hips-Matrix-animation-output-transform-array" count="31" stride="16">
            <param type="float4x4"/>
          </accessor>
        </technique_common>
      </source>
      <source id="mixamorig_Hips-Interpolations">
        <Name_array id="mixamorig_Hips-Interpolations-array" count="31">
 LINEAR LINEAR LINEAR LINEAR LINEAR LINEAR LINEAR LINEAR LINEAR LINEAR LINEAR
LINEAR LINEAR LINEAR LINEAR LINEAR LINEAR LINEAR LINEAR LINEAR LINEAR LINEAR LINEAR
LINEAR LINEAR LINEAR LINEAR LINEAR LINEAR LINEAR LINEAR</Name_array>
        <technique_common>
          <accessor source="#mixamorig_Hips-Interpolations-array" count="31">
            <param type="name"/>
          </accessor>
        </technique_common>
      </source>
      <sampler id="mixamorig_Hips-Matrix-animation-transform">
        <input semantic="INPUT" source="#mixamorig_Hips-Matrix-animation-input"/>
        <input semantic="OUTPUT" source="#mixamorig_Hips-Matrix-animation-output-transform"/>
        <input semantic="INTERPOLATION" source="#mixamorig_Hips-Interpolations"/>
      </sampler>
      <channel source="#mixamorig_Hips-Matrix-animation-transform" target="mixamorig_Hips/matrix"/>
    </animation>
    <animation id="mixamorig_Spine-anim" name="mixamorig_Spine">
      <source id="mixamorig_Spine-Matrix-animation-input">
        <float_array id="mixamorig_Spine-Matrix-animation-input-array" count="31">

0.000000 0.033333 0.066667 0.100000 0.133333 0.166667 0.200000 0.233333 0.266667 0.300000 0.333333 0.366667 0.400000 0.433333 0.466667 0.500000
0.533333 0.566667 0.600000 0.633333 0.666667 0.700000 0.733333 0.766667 0.800000 0.833333 0.866667 0.900000 0.933333 0.966667 1.000000</float_array>
        <technique_common>
          <accessor source="#mixamorig_Spine-Matrix-animation-input-array" count="31">
            <param name="TIME" type="float"/>
          </accessor>
        </technique_common>
      </source>
      <source id="mixamorig_Spine-Matrix-animation-output-transform">
        <float_array id="mixamorig_Spine-Matrix-animation-output-transform-array" count="496">

0.978888 0.013877 -0.203928 -0.023000 -0.064422 0.967790 -0.243377 9.414500 0.193982 0.251376 0.948252 -0.095800 0.000000 0.000000 0.000000 1.000000
0.982986 -0.024613 -0.182025 -0.023000 -0.012795 0.979399 -0.201527 9.414500 0.183235 0.200428 0.962421 -0.095800 0.000000 0.000000 0.000000 1.000000
0.980811 -0.086974 -0.174484 -0.023000 0.059168 0.985557 -0.158673 9.414500 0.185765 0.145304 0.971791 -0.095800 0.000000 0.000000 0.000000 1.000000
0.974497 -0.123499 -0.187359 -0.023000 0.098851 0.985812 -0.135657 9.414500 0.201455 0.113677 0.972879 -0.095800 0.000000 0.000000 0.000000 1.000000
0.973144 -0.091322 -0.211309 -0.023000 0.061894 0.987941 -0.141918 9.414500 0.221721 0.125028 0.967061 -0.095800 0.000000 0.000000 0.000000 1.000000
0.975041 -0.005500 -0.221959 -0.023000 -0.032837 0.985127 -0.168662 9.414500 0.219585 0.171740 0.960358 -0.095800 0.000000 0.000000 0.000000 1.000000
0.976153 0.065145 -0.207078 -0.023000 -0.109047 0.971975 -0.208265 9.414500 0.187707 0.225879 0.955900 -0.095800 0.000000 0.000000 0.000000 1.000000
0.981900 0.066144 -0.177475 -0.023000 -0.110388 0.961288 -0.252468 9.414500 0.153905 0.267489 0.951190 -0.095800 0.000000 0.000000 0.000000 1.000000
0.988629 0.005024 -0.150291 -0.023000 -0.048970 0.955717 -0.290184 9.414500 0.142178 0.294245 0.945096 -0.095800 0.000000 0.000000 0.000000 1.000000
0.988648 -0.067997 -0.133984 -0.023000 0.021649 0.946896 -0.320811 9.414500 0.148683 0.314269 0.937619 -0.095800 0.000000 0.000000 0.000000 1.000000
0.985932 -0.108864 -0.126832 -0.023000 0.058486 0.935534 -0.348361 9.414500 0.156580 0.336042 0.928740 -0.095800 0.000000 0.000000 0.000000 1.000000
0.986653 -0.102829 -0.126258 -0.023000 0.049423 0.927915 -0.369502 9.414500 0.155152 0.358330 0.920612 -0.095800 0.000000 0.000000 0.000000 1.000000
0.989112 -0.055891 -0.136137 -0.023000 0.000846 0.927218 -0.374522 9.414500 0.147162 0.370329 0.917170 -0.095800 0.000000 0.000000 0.000000 1.000000
0.986297 0.016134 -0.164187 -0.023000 -0.073731 0.933396 -0.351192 9.414500 0.147585 0.358485 0.921796 -0.095800 0.000000 0.000000 0.000000 1.000000
0.977581 0.090530 -0.190107 -0.023000 -0.148386 0.936762 -0.316951 9.414500 0.149391 0.338055 0.929194 -0.095800 0.000000 0.000000 0.000000 1.000000
0.968408 0.148055 -0.200661 -0.023000 -0.199433 0.942897 -0.266779 9.414500 0.149705 0.298370 0.942637 -0.095800 0.000000 0.000000 0.000000 1.000000
0.972990 0.164835 -0.161616 -0.023000 -0.200430 0.950569 -0.237162 9.414500 0.114535 0.263149 0.957932 -0.095800 0.000000 0.000000 0.000000 1.000000
0.981334 0.160217 -0.106369 -0.023000 -0.180260 0.959047 -0.218485 9.414500 0.067008 0.233581 0.970026 -0.095800 0.000000 0.000000 0.000000 1.000000
0.994484 0.103263 -0.018377 -0.023000 -0.104708 0.967249 -0.231227 9.414500 -0.006102 0.231875 0.972726 -0.095800 0.000000 0.000000 0.000000 1.000000
0.997529 0.011335 0.069331 -0.023000 0.006457 0.967926 -0.251153 9.414500 -0.069954 0.250980 0.965461 -0.095800 0.000000 0.000000 0.000000 1.000000
0.986540 -0.084750 0.139845 -0.023000 0.119118 0.958359 -0.259535 9.414500 -0.112026 0.272700 0.955555 -0.095800 0.000000 0.000000 0.000000 1.000000
0.971920 -0.142631 0.187156 -0.023000 0.187143 0.950683 -0.247344 9.414500 -0.142647 0.275424 0.950681 -0.095800 0.000000 0.000000 0.000000 1.000000
0.970619 -0.126179 0.204884 -0.023000 0.171257 0.960383 -0.219855 9.414500 -0.169026 0.248483 0.953775 -0.095800 0.000000 0.000000 0.000000 1.000000
0.982888 -0.036609 0.180527 -0.023000 0.071198 0.979387 -0.189027 9.414500 -0.169886 0.198646 0.965235 -0.095800 0.000000 0.000000 0.000000 1.000000
0.991610 0.080575 0.101082 -0.023000 -0.064054 0.985489 -0.157192 9.414500 -0.112280 0.149399 0.982381 -0.095800 0.000000 0.000000 0.000000 1.000000
0.986701 0.160802 -0.023761 -0.023000 -0.162514 0.978888 -0.123962 9.414500 0.003326 0.126175 0.992002 -0.095800 0.000000 0.000000 0.000000 1.000000
0.972166 0.169598 -0.161645 -0.023000 -0.188304 0.976114 -0.108361 9.414500 0.139406 0.135784 0.980882 -0.095800 0.000000 0.000000 0.000000 1.000000
0.955249 0.121613 -0.269646 -0.023000 -0.160970 0.978500 -0.128941 9.414500 0.248168 0.166576 0.954288 -0.095800 0.000000 0.000000 0.000000 1.000000
0.948315 0.060626 -0.311485 -0.023000 -0.118593 0.978165 -0.170673 9.414500 0.294336 0.198791 0.934798 -0.095800 0.000000 0.000000 0.000000 1.000000
0.958798 0.021569 -0.283270 -0.023000 -0.084203 0.973884 -0.210853 9.414500 0.271324 0.226017 0.935574 -0.095800 0.000000 0.000000 0.000000 1.000000
0.978888 0.013877 -0.203928 -0.023000 -0.064422 0.967790 -0.243377 9.414500 0.193982 0.251376 0.948252 -0.095800 0.000000 0.000000 0.000000 1.000000</float_array>
        <technique_common>
          <accessor source="#mixamorig_Spine-Matrix-animation-output-transform-array" count="31" stride="16">
            <param type="float4x4"/>
          </accessor>
        </technique_common>
      </source>
      <source id="mixamorig_Spine-Interpolations">
        <Name_array id="mixamorig_Spine-Interpolations-array" count="31">
 LINEAR LINEAR LINEAR LINEAR LINEAR LINEAR LINEAR LINEAR LINEAR LINEAR LINEAR
LINEAR LINEAR LINEAR LINEAR LINEAR LINEAR LINEAR LINEAR LINEAR LINEAR LINEAR LINEAR
LINEAR LINEAR LINEAR LINEAR LINEAR LINEAR LINEAR LINEAR</Name_array>
        <technique_common>
          <accessor source="#mixamorig_Spine-Interpolations-array" count="31">
            <param type="name"/>
          </accessor>
        </technique_common>
      </source>
      <sampler id="mixamorig_Spine-Matrix-animation-transform">
        <input semantic="INPUT" source="#mixamorig_Spine-Matrix-animation-input"/>
        <input semantic="OUTPUT" source="#mixamorig_Spine-Matrix-animation-output-transform"/>
        <input semantic="INTERPOLATION" source="#mixamorig_Spine-Interpolations"/>
      </sampler>
      <channel source="#mixamorig_Spine-Matrix-animation-transform" target="mixamorig_Spine/matrix"/>
    </animation>
    <animation id="mixamorig_Spine1-anim" name="mixamorig_Spine1">
      <source id="mixamorig_Spine1-Matrix-animation-input">
        <float_array id="mixamorig_Spine1-Matrix-animation-input-array" count="31">

0.000000 0.033333 0.066667 0.100000 0.133333 0.166667 0.200000 0.233333 0.266667 0.300000 0.333333 0.366667 0.400000 0.433333 0.466667 0.500000
0.533333 0.566667 0.600000 0.633333 0.666667 0.700000 0.733333 0.766667 0.800000 0.833333 0.866667 0.900000 0.933333 0.966667 1.000000</float_array>
        <technique_common>
          <accessor source="#mixamorig_Spine1-Matrix-animation-input-array" count="31">
            <param name="TIME" type="float"/>
          </accessor>
        </technique_common>
      </source>
      <source id="mixamorig_Spine1-Matrix-animation-output-transform">
        <float_array id="mixamorig_Spine1-Matrix-animation-output-transform-array" count="496">

0.998508 0.013064 -0.053011 0.000000 -0.014114 0.999711 -0.019473 10.984200 0.052742 0.020193 0.998404 0.000000 0.000000 0.000000 0.000000 1.000000
0.999385 -0.019350 -0.029231 -0.000000 0.019168 0.999795 -0.006464 10.984200 0.029350 0.005900 0.999552 0.000000 0.000000 0.000000 0.000000 1.000000
0.996811 -0.079222 -0.009573 0.000000 0.079466 0.996428 0.028570 10.984200 0.007275 -0.029240 0.999546 -0.000000 0.000000 0.000000 0.000000 1.000000
0.990383 -0.138304 0.003660 0.000000 0.137802 0.988455 0.062989 10.984200 -0.012329 -0.061879 0.998008 0.000000 0.000000 0.000000 0.000000 1.000000
0.985796 -0.167506 0.012144 -0.000000 0.166232 0.983487 0.071551 10.984200 -0.023928 -0.068516 0.997363 0.000000 0.000000 0.000000 0.000000 1.000000
0.986728 -0.161240 0.019248 0.000000 0.160271 0.986081 0.044243 10.984200 -0.026114 -0.040571 0.998835 -0.000000 0.000000 0.000000 0.000000 1.000000
0.990114 -0.138067 0.024751 0.000000 0.138357 0.990328 -0.010388 10.984200 -0.023078 0.013710 0.999640 -0.000000 0.000000 0.000000 0.000000 1.000000
0.992940 -0.115933 0.025081 0.000000 0.117534 0.990124 -0.076420 10.984200 -0.015973 0.078829 0.996760 0.000000 0.000000 0.000000 0.000000 1.000000
0.995114 -0.096955 0.018665 0.000000 0.098625 0.985010 -0.141524 10.984200 -0.004664 0.142673 0.989759 -0.000000 0.000000 0.000000 0.000000 1.000000
0.997042 -0.076352 0.008833 -0.000000 0.076578 0.976927 -0.199373 10.984200 0.006594 0.199460 0.979884 -0.000000 0.000000 0.000000 0.000000 1.000000
0.998486 -0.054983 0.001312 0.000000 0.053622 0.967900 -0.245549 10.984200 0.012231 0.245248 0.969383 0.000000 0.000000 0.000000 0.000000 1.000000
0.999303 -0.037320 -0.000051 0.000000 0.035880 0.961129 -0.273759 10.984200 0.010265 0.273566 0.961798 0.000000 0.000000 0.000000 0.000000 1.000000
0.999719 -0.023307 0.004373 -0.000000 0.023608 0.960761 -0.276371 10.984200 0.002240 0.276397 0.961041 0.000000 0.000000 0.000000 0.000000 1.000000
0.999905 -0.010113 0.009333 -0.000000 0.012142 0.967522 -0.252494 10.984200 -0.006477 0.252583 0.967553 -0.000000 0.000000 0.000000 0.000000 1.000000
0.999905 0.002222 0.013590 0.000000 0.000837 0.975259 -0.221062 10.984200 -0.013746 0.221053 0.975165 -0.000000 0.000000 0.000000 0.000000 1.000000
0.999860 0.012639 0.011007 0.000000 -0.010472 0.983883 -0.178509 10.984200 -0.013086 0.178369 0.983877 0.000000 0.000000 0.000000 0.000000 1.000000
0.999849 0.016201 0.006313 0.000000 -0.015075 0.988627 -0.149631 10.984200 -0.008665 0.149514 0.988722 -0.000000 0.000000 0.000000 0.000000 1.000000
0.999842 0.017690 0.001958 -0.000000 -0.017291 0.991516 -0.128831 10.984200 -0.004220 0.128777 0.991665 -0.000000 0.000000 0.000000 0.000000 1.000000
0.999892 0.014613 0.001454 0.000000 -0.014282 0.990731 -0.135087 10.984200 -0.003414 0.135052 0.990833 0.000000 0.000000 0.000000 0.000000 1.000000
0.999943 0.010445 0.002017 -0.000000 -0.010030 0.988899 -0.148252 10.984200 -0.003543 0.148223 0.988948 0.000000 0.000000 0.000000 0.000000 1.000000
0.999977 0.006495 0.001957 0.000000 -0.006133 0.988956 -0.148082 10.984200 -0.002897 0.148066 0.988973 0.000000 0.000000 0.000000 0.000000 1.000000
0.999991 0.003576 0.002403 0.000000 -0.003250 0.992243 -0.124270 10.984200 -0.002828 0.124261 0.992246 0.000000 0.000000 0.000000 0.000000 1.000000
0.999985 0.002973 0.004544 -0.000000 -0.002606 0.996891 -0.078752 10.984200 -0.004764 0.078739 0.996884 -0.000000 0.000000 0.000000 0.000000 1.000000
0.999968 0.005719 0.005651 0.000000 -0.005592 0.999739 -0.022149 10.984200 -0.005776 0.022117 0.999739 0.000000 0.000000 0.000000 0.000000 1.000000
0.999932 0.011604 0.000773 0.000000 -0.011623 0.999376 0.033346 10.984200 -0.000385 -0.033352 0.999444 -0.000000 0.000000 0.000000 0.000000 1.000000
0.999765 0.018338 -0.011534 0.000000 -0.017395 0.996868 0.077148 10.984200 0.012913 -0.076929 0.996953 -0.000000 0.000000 0.000000 0.000000 1.000000
0.999384 0.022135 -0.027248 -0.000000 -0.019343 0.994921 0.098787 10.984200 0.029296 -0.098199 0.994736 -0.000000 0.000000 0.000000 0.000000 1.000000
0.998962 0.020390 -0.040731 0.000000 -0.016663 0.995818 0.089828 10.984200 0.042393 -0.089056 0.995124 0.000000 0.000000 0.000000 0.000000 1.000000
0.998668 0.016379 -0.048932 0.000000 -0.013465 0.998149 0.059306 10.984200 0.049813 -0.058568 0.997040 0.000000 0.000000 0.000000 0.000000 1.000000
0.998535 0.013451 -0.052405 0.000000 -0.012450 0.999735 0.019377 10.984200 0.052652 -0.018696 0.998438 0.000000 0.000000 0.000000 0.000000 1.000000
0.998508 0.013064 -0.053011 -0.000000 -0.014114 0.999711 -0.019474 10.984200 0.052742 0.020193 0.998404 0.000000 0.000000 0.000000 0.000000 1.000000</float_array>
        <technique_common>
          <accessor source="#mixamorig_Spine1-Matrix-animation-output-transform-array" count="31" stride="16">
            <param type="float4x4"/>
          </accessor>
        </technique_common>
      </source>
      <source id="mixamorig_Spine1-Interpolations">
        <Name_array id="mixamorig_Spine1-Interpolations-array" count="31">
 LINEAR LINEAR LINEAR LINEAR LINEAR LINEAR LINEAR LINEAR LINEAR LINEAR LINEAR
LINEAR LINEAR LINEAR LINEAR LINEAR LINEAR LINEAR LINEAR LINEAR LINEAR LINEAR LINEAR
LINEAR LINEAR LINEAR LINEAR LINEAR LINEAR LINEAR LINEAR</Name_array>
        <technique_common>
          <accessor source="#mixamorig_Spine1-Interpolations-array" count="31">
            <param type="name"/>
          </accessor>
        </technique_common>
      </source>
      <sampler id="mixamorig_Spine1-Matrix-animation-transform">
        <input semantic="INPUT" source="#mixamorig_Spine1-Matrix-animation-input"/>
        <input semantic="OUTPUT" source="#mixamorig_Spine1-Matrix-animation-output-transform"/>
        <input semantic="INTERPOLATION" source="#mixamorig_Spine1-Interpolations"/>
      </sampler>
      <channel source="#mixamorig_Spine1-Matrix-animation-transform" target="mixamorig_Spine1/matrix"/>
    </animation>
    <animation id="mixamorig_Spine2-anim" name="mixamorig_Spine2">
      <source id="mixamorig_Spine2-Matrix-animation-input">
        <float_array id="mixamorig_Spine2-Matrix-animation-input-array" count="31">

0.000000 0.033333 0.066667 0.100000 0.133333 0.166667 0.200000 0.233333 0.266667 0.300000 0.333333 0.366667 0.400000 0.433333 0.466667 0.500000
0.533333 0.566667 0.600000 0.633333 0.666667 0.700000 0.733333 0.766667 0.800000 0.833333 0.866667 0.900000 0.933333 0.966667 1.000000</float_array>
        <technique_common>
          <accessor source="#mixamorig_Spine2-Matrix-animation-input-array" count="31">
            <param name="TIME" type="float"/>
          </accessor>
        </technique_common>
      </source>
      <source id="mixamorig_Spine2-Matrix-animation-output-transform">
        <float_array id="mixamorig_Spine2-Matrix-animation-output-transform-array" count="496">

0.998500 0.014604 -0.052759 0.000000 -0.016216 0.999410 -0.030264 12.553300 0.052286 0.031074 0.998149 -0.000000 0.000000 0.000000 0.000000 1.000000
0.999454 -0.016894 -0.028394 0.000000 0.015830 0.999179 -0.037283 12.553300 0.029001 0.036813 0.998901 0.000000 0.000000 0.000000 0.000000 1.000000
0.997018 -0.076924 -0.006135 0.000000 0.076707 0.996604 -0.029952 12.553300 0.008419 0.029392 0.999532 0.000000 0.000000 0.000000 0.000000 1.000000
0.990581 -0.136556 0.010119 0.000000 0.136771 0.990285 -0.025095 12.553300 -0.006594 0.026243 0.999634 0.000000 0.000000 0.000000 0.000000 1.000000
0.985978 -0.165662 0.020090 0.000000 0.166372 0.985199 -0.041265 12.553300 -0.012957 0.044029 0.998946 -0.000000 0.000000 0.000000 0.000000 1.000000
0.987085 -0.157984 0.026547 -0.000000 0.159709 0.983411 -0.086001 12.553300 -0.012519 0.089130 0.995941 0.000000 0.000000 0.000000 0.000000 1.000000
0.990721 -0.132433 0.030558 0.000000 0.135566 0.978932 -0.152688 12.553300 -0.009694 0.155414 0.987802 0.000000 0.000000 0.000000 0.000000 1.000000
0.993672 -0.108249 0.029971 -0.000000 0.112237 0.967301 -0.227446 12.553300 -0.004370 0.229370 0.973329 0.000000 0.000000 0.000000 0.000000 1.000000
0.995774 -0.088793 0.023473 0.000000 0.091747 0.950009 -0.298437 12.553300 0.004199 0.299329 0.954141 0.000000 0.000000 0.000000 0.000000 1.000000
0.997498 -0.069310 0.013918 0.000000 0.069668 0.930399 -0.359868 12.553300 0.011993 0.359937 0.932899 0.000000 0.000000 0.000000 0.000000 1.000000
0.998761 -0.049330 0.006541 0.000000 0.047696 0.911493 -0.408541 12.553300 0.014191 0.408346 0.912717 -0.000000 0.000000 0.000000 0.000000 1.000000
0.999484 -0.031786 0.004618 0.000000 0.030591 0.898212 -0.438498 12.553300 0.009790 0.438413 0.898721 0.000000 0.000000 0.000000 0.000000 1.000000
0.999841 -0.016344 0.007101 0.000000 0.017801 0.897680 -0.440289 12.553300 0.000822 0.440345 0.897828 0.000000 0.000000 0.000000 0.000000 1.000000
0.999956 -0.002466 0.009098 0.000000 0.005968 0.912705 -0.408576 12.553300 -0.007297 0.408612 0.912679 0.000000 0.000000 0.000000 0.000000 1.000000
0.999893 0.009892 0.010788 0.000000 -0.005263 0.930734 -0.365659 12.553300 -0.013657 0.365563 0.930686 0.000000 0.000000 0.000000 0.000000 1.000000
0.999823 0.017417 0.007154 0.000000 -0.014444 0.953211 -0.301962 12.553300 -0.012079 0.301805 0.953293 0.000000 0.000000 0.000000 0.000000 1.000000
0.999842 0.017293 0.004117 0.000000 -0.015738 0.968806 -0.247320 12.553300 -0.008265 0.247216 0.968925 0.000000 0.000000 0.000000 0.000000 1.000000
0.999881 0.015338 0.001823 -0.000000 -0.014652 0.979235 -0.202200 12.553300 -0.004887 0.202149 0.979343 0.000000 0.000000 0.000000 0.000000 1.000000
0.999937 0.010548 0.003913 -0.000000 -0.009566 0.980193 -0.197814 12.553300 -0.005923 0.197764 0.980232 0.000000 0.000000 0.000000 0.000000 1.000000
0.999964 0.005968 0.006079 -0.000000 -0.004511 0.976287 -0.216434 12.553300 -0.007227 0.216398 0.976278 0.000000 0.000000 0.000000 0.000000 1.000000
0.999977 0.002238 0.006337 -0.000000 -0.000696 0.972339 -0.233571 12.553300 -0.006685 0.233561 0.972319 0.000000 0.000000 0.000000 0.000000 1.000000
0.999980 -0.000268 0.006268 0.000000 0.001720 0.972494 -0.232922 12.553300 -0.006034 0.232929 0.972475 0.000000 0.000000 0.000000 0.000000 1.000000
0.999972 -0.000232 0.007524 0.000000 0.001810 0.977614 -0.210398 12.553300 -0.007307 0.210406 0.977587 -0.000000 0.000000 0.000000 0.000000 1.000000
0.999968 0.003022 0.007370 0.000000 -0.001706 0.985012 -0.172475 12.553300 -0.007781 0.172457 0.984986 -0.000000 0.000000 0.000000 0.000000 1.000000
0.999965 0.008377 0.000585 0.000000 -0.008231 0.991575 -0.129275 12.553300 -0.001663 0.129266 0.991609 -0.000000 0.000000 0.000000 0.000000 1.000000
0.999813 0.013302 -0.014015 0.000000 -0.014511 0.995836 -0.090001 12.553300 0.012760 0.090187 0.995843 0.000000 0.000000 0.000000 0.000000 1.000000
0.999396 0.015184 -0.031250 -0.000000 -0.017148 0.997830 -0.063570 12.553300 0.030217 0.064067 0.997488 -0.000000 0.000000 0.000000 0.000000 1.000000
0.998933 0.013384 -0.044209 0.000000 -0.015447 0.998791 -0.046659 12.553300 0.043531 0.047292 0.997932 0.000000 0.000000 0.000000 0.000000 1.000000
0.998631 0.012260 -0.050850 0.000000 -0.013582 0.999577 -0.025734 12.553300 0.050513 0.026390 0.998375 -0.000000 0.000000 0.000000 0.000000 1.000000
0.998516 0.013029 -0.052871 0.000000 -0.013816 0.999799 -0.014549 12.553300 0.052671 0.015258 0.998495 -0.000000 0.000000 0.000000 0.000000 1.000000
0.998500 0.014604 -0.052759 0.000000 -0.016216 0.999410 -0.030264 12.553300 0.052286 0.031074 0.998149 -0.000000 0.000000 0.000000 0.000000 1.000000</float_array>
        <technique_common>
          <accessor source="#mixamorig_Spine2-Matrix-animation-output-transform-array" count="31" stride="16">
            <param type="float4x4"/>
          </accessor>
        </technique_common>
      </source>
      <source id="mixamorig_Spine2-Interpolations">
        <Name_array id="mixamorig_Spine2-Interpolations-array" count="31">
 LINEAR LINEAR LINEAR LINEAR LINEAR LINEAR LINEAR LINEAR LINEAR LINEAR LINEAR
LINEAR LINEAR LINEAR LINEAR LINEAR LINEAR LINEAR LINEAR LINEAR LINEAR LINEAR LINEAR
LINEAR LINEAR LINEAR LINEAR LINEAR LINEAR LINEAR LINEAR</Name_array>
        <technique_common>
          <accessor source="#mixamorig_Spine2-Interpolations-array" count="31">
            <param type="name"/>
          </accessor>
        </technique_common>
      </source>
      <sampler id="mixamorig_Spine2-Matrix-animation-transform">
        <input semantic="INPUT" source="#mixamorig_Spine2-Matrix-animation-input"/>
        <input semantic="OUTPUT" source="#mixamorig_Spine2-Matrix-animation-output-transform"/>
        <input semantic="INTERPOLATION" source="#mixamorig_Spine2-Interpolations"/>
      </sampler>
      <channel source="#mixamorig_Spine2-Matrix-animation-transform" target="mixamorig_Spine2/matrix"/>
    </animation>
    <animation id="mixamorig_Neck-anim" name="mixamorig_Neck">
      <source id="mixamorig_Neck-Matrix-animation-input">
        <float_array id="mixamorig_Neck-Matrix-animation-input-array" count="31">

0.000000 0.033333 0.066667 0.100000 0.133333 0.166667 0.200000 0.233333 0.266667 0.300000 0.333333 0.366667 0.400000 0.433333 0.466667 0.500000
0.533333 0.566667 0.600000 0.633333 0.666667 0.700000 0.733333 0.766667 0.800000 0.833333 0.866667 0.900000 0.933333 0.966667 1.000000</float_array>
        <technique_common>
          <accessor source="#mixamorig_Neck-Matrix-animation-input-array" count="31">
            <param name="TIME" type="float"/>
          </accessor>
        </technique_common>
      </source>
      <source id="mixamorig_Neck-Matrix-animation-output-transform">
        <float_array id="mixamorig_Neck-Matrix-animation-output-transform-array" count="496">

0.999269 0.023759 0.029938 -0.034500 -0.027425 0.991304 0.128702 14.121700 -0.026620 -0.129429 0.991231 -0.143700 0.000000 0.000000 0.000000 1.000000
0.999148 0.027136 0.031111 -0.034500 -0.031357 0.989025 0.144380 14.121700 -0.026852 -0.145232 0.989033 -0.143700 0.000000 0.000000 0.000000 1.000000
0.997666 0.061026 0.030636 -0.034500 -0.064621 0.988763 0.134800 14.121700 -0.022066 -0.136465 0.990399 -0.143700 0.000000 0.000000 0.000000 1.000000
0.993967 0.106475 0.026332 -0.034500 -0.108616 0.988915 0.101245 14.121700 -0.015261 -0.103494 0.994513 -0.143700 0.000000 0.000000 0.000000 1.000000
0.990502 0.136466 0.016826 -0.034500 -0.137227 0.988810 0.058505 14.121700 -0.008654 -0.060258 0.998145 -0.143700 0.000000 0.000000 0.000000 1.000000
0.990624 0.136553 0.004152 -0.034500 -0.136614 0.990288 0.025814 14.121700 -0.000586 -0.026140 0.999658 -0.143700 0.000000 0.000000 0.000000 1.000000
0.993204 0.116237 -0.005878 -0.034500 -0.116175 0.993178 0.010032 14.121700 0.007004 -0.009281 0.999932 -0.143700 0.000000 0.000000 0.000000 1.000000
0.995412 0.095377 -0.007628 -0.034500 -0.095351 0.995437 0.003765 14.121700 0.007952 -0.003020 0.999964 -0.143700 0.000000 0.000000 0.000000 1.000000
0.996419 0.084553 -0.000902 -0.034500 -0.084555 0.996415 -0.002760 14.121700 0.000666 0.002826 0.999996 -0.143700 0.000000 0.000000 0.000000 1.000000
0.996744 0.080179 0.008575 -0.034500 -0.080077 0.996721 -0.011611 14.121700 -0.009478 0.010887 0.999896 -0.143700 0.000000 0.000000 0.000000 1.000000
0.997130 0.074362 0.014208 -0.034500 -0.074092 0.997077 -0.018634 14.121700 -0.015552 0.017528 0.999725 -0.143700 0.000000 0.000000 0.000000 1.000000
0.997808 0.064737 0.013742 -0.034500 -0.064433 0.997689 -0.021544 14.121700 -0.015105 0.020612 0.999673 -0.143700 0.000000 0.000000 0.000000 1.000000
0.998433 0.055097 0.009813 -0.034500 -0.054849 0.998207 -0.023959 14.121700 -0.011116 0.023383 0.999665 -0.143700 0.000000 0.000000 0.000000 1.000000
0.998707 0.050290 0.007411 -0.034500 -0.049939 0.997885 -0.041610 14.121700 -0.009488 0.041186 0.999106 -0.143700 0.000000 0.000000 0.000000 1.000000
0.998895 0.046670 0.005501 -0.034500 -0.046196 0.996666 -0.067247 14.121700 -0.008621 0.066919 0.997721 -0.143700 0.000000 0.000000 0.000000 1.000000
0.999006 0.044390 0.004016 -0.034500 -0.043611 0.992113 -0.117514 14.121700 -0.009201 0.117222 0.993063 -0.143700 0.000000 0.000000 0.000000 1.000000
0.999187 0.040260 -0.002110 -0.034500 -0.039989 0.983096 -0.178668 14.121700 -0.005119 0.178607 0.983907 -0.143700 0.000000 0.000000 0.000000 1.000000
0.999269 0.037124 -0.009083 -0.034500 -0.038219 0.970934 -0.236278 14.121700 0.000048 0.236452 0.971643 -0.143700 0.000000 0.000000 0.000000 1.000000
0.998889 0.043437 -0.018298 -0.034500 -0.046753 0.962357 -0.267739 14.121700 0.005979 0.268297 0.963318 -0.143700 0.000000 0.000000 0.000000 1.000000
0.997706 0.063128 -0.024425 -0.034500 -0.067330 0.962670 -0.262169 14.121700 0.006963 0.263213 0.964713 -0.143700 0.000000 0.000000 0.000000 1.000000
0.995647 0.089649 -0.025502 -0.034500 -0.093076 0.970752 -0.221310 14.121700 0.004916 0.222720 0.974870 -0.143700 0.000000 0.000000 0.000000 1.000000
0.993822 0.108516 -0.023263 -0.034500 -0.110823 0.981569 -0.155695 14.121700 0.005939 0.157311 0.987531 -0.143700 0.000000 0.000000 0.000000 1.000000
0.993779 0.109256 -0.021598 -0.034500 -0.110540 0.991283 -0.071685 14.121700 0.013578 0.073626 0.997193 -0.143700 0.000000 0.000000 0.000000 1.000000
0.995328 0.093910 -0.022417 -0.034500 -0.093204 0.995173 0.030706 14.121700 0.025192 -0.028473 0.999277 -0.143700 0.000000 0.000000 0.000000 1.000000
0.996968 0.074119 -0.023670 -0.034500 -0.069937 0.986976 0.144869 14.121700 0.034099 -0.142774 0.989168 -0.143700 0.000000 0.000000 0.000000 1.000000
0.997928 0.060572 -0.021717 -0.034500 -0.053397 0.967847 0.245806 14.121700 0.035907 -0.244137 0.969076 -0.143700 0.000000 0.000000 0.000000 1.000000
0.998350 0.055445 -0.014913 -0.034500 -0.048431 0.952725 0.299950 14.121700 0.030838 -0.298733 0.953838 -0.143700 0.000000 0.000000 0.000000 1.000000
0.998556 0.053542 -0.004409 -0.034500 -0.049952 0.955526 0.290647 14.121700 0.019775 -0.290007 0.956820 -0.143700 0.000000 0.000000 0.000000 1.000000
0.998767 0.049098 0.007308 -0.034500 -0.049434 0.970470 0.236104 14.121700 0.004500 -0.236174 0.971700 -0.143700 0.000000 0.000000 0.000000 1.000000
0.999056 0.039125 0.018860 -0.034500 -0.041794 0.984165 0.172256 14.121700 -0.011822 -0.172882 0.984872 -0.143700 0.000000 0.000000 0.000000 1.000000
0.999269 0.023759 0.029938 -0.034500 -0.027425 0.991304 0.128701 14.121700 -0.026620 -0.129429 0.991231 -0.143700 0.000000 0.000000 0.000000 1.000000</float_array>
        <technique_common>
          <accessor source="#mixamorig_Neck-Matrix-animation-output-transform-array" count="31" stride="16">
            <param type="float4x4"/>
          </accessor>
        </technique_common>
      </source>
      <source id="mixamorig_Neck-Interpolations">
        <Name_array id="mixamorig_Neck-Interpolations-array" count="31">
 LINEAR LINEAR LINEAR LINEAR LINEAR LINEAR LINEAR LINEAR LINEAR LINEAR LINEAR
LINEAR LINEAR LINEAR LINEAR LINEAR LINEAR LINEAR LINEAR LINEAR LINEAR LINEAR LINEAR
LINEAR LINEAR LINEAR LINEAR LINEAR LINEAR LINEAR LINEAR</Name_array>
        <technique_common>
          <accessor source="#mixamorig_Neck-Interpolations-array" count="31">
            <param type="name"/>
          </accessor>
        </technique_common>
      </source>
      <sampler id="mixamorig_Neck-Matrix-animation-transform">
        <input semantic="INPUT" source="#mixamorig_Neck-Matrix-animation-input"/>
        <input semantic="OUTPUT" source="#mixamorig_Neck-Matrix-animation-output-transform"/>
        <input semantic="INTERPOLATION" source="#mixamorig_Neck-Interpolations"/>
      </sampler>
      <channel source="#mixamorig_Neck-Matrix-animation-transform" target="mixamorig_Neck/matrix"/>
    </animation>
    <animation id="mixamorig_Head-anim" name="mixamorig_Head">
      <source id="mixamorig_Head-Matrix-animation-input">
        <float_array id="mixamorig_Head-Matrix-animation-input-array" count="31">

0.000000 0.033333 0.066667 0.100000 0.133333 0.166667 0.200000 0.233333 0.266667 0.300000 0.333333 0.366667 0.400000 0.433333 0.466667 0.500000
0.533333 0.566667 0.600000 0.633333 0.666667 0.700000 0.733333 0.766667 0.800000 0.833333 0.866667 0.900000 0.933333 0.966667 1.000000</float_array>
        <technique_common>
          <accessor source="#mixamorig_Head-Matrix-animation-input-array" count="31">
            <param name="TIME" type="float"/>
          </accessor>
        </technique_common>
      </source>
      <source id="mixamorig_Head-Matrix-animation-output-transform">
        <float_array id="mixamorig_Head-Matrix-animation-output-transform-array" count="496">

0.994802 -0.066506 -0.077110 0.000000 0.092577 0.906072 0.412871 10.556500 0.042409 -0.417863 0.907520 3.113400 0.000000 0.000000 0.000000 1.000000
0.997932 -0.062916 0.013145 -0.000000 0.057469 0.964991 0.255910 10.556500 -0.028785 -0.254625 0.966611 3.113400 0.000000 0.000000 0.000000 1.000000
0.996109 -0.003321 0.088069 0.000000 0.001470 0.999777 0.021074 10.556500 -0.088119 -0.020862 0.995891 3.113400 0.000000 0.000000 0.000000 1.000000
0.988681 0.084439 0.124016 -0.000000 -0.055123 0.973217 -0.223181 10.556500 -0.139539 0.213819 0.966856 3.113400 0.000000 0.000000 0.000000 1.000000
0.980533 0.156914 0.118036 0.000000 -0.100729 0.917992 -0.383594 10.556500 -0.168547 0.364237 0.915928 3.113400 0.000000 0.000000 0.000000 1.000000
0.977504 0.189563 0.092478 0.000000 -0.133162 0.894681 -0.426396 10.556500 -0.163567 0.404489 0.899797 3.113400 0.000000 0.000000 0.000000 1.000000
0.978524 0.193002 0.072394 0.000000 -0.151829 0.912373 -0.380162 10.556500 -0.139422 0.361006 0.922083 3.113400 0.000000 0.000000 0.000000 1.000000
0.979147 0.190798 0.069763 0.000000 -0.163369 0.943637 -0.287853 10.556500 -0.120752 0.270453 0.955130 3.113400 0.000000 0.000000 0.000000 1.000000
0.977751 0.193500 0.081001 0.000000 -0.176957 0.968197 -0.176864 10.556500 -0.112648 0.158595 0.980897 3.113400 0.000000 0.000000 0.000000 1.000000
0.976333 0.195427 0.092640 0.000000 -0.190617 0.979932 -0.058291 10.556500 -0.102173 0.039253 0.993992 3.113400 0.000000 0.000000 0.000000 1.000000
0.977646 0.189107 0.091909 -0.000000 -0.194686 0.979265 0.056010 10.556500 -0.079412 -0.072651 0.994191 3.113400 0.000000 0.000000 0.000000 1.000000
0.981746 0.174662 0.075286 -0.000000 -0.184212 0.971707 0.147822 10.556500 -0.047337 -0.158992 0.986144 3.113400 0.000000 0.000000 0.000000 1.000000
0.986552 0.156120 0.048394 0.000000 -0.162801 0.964915 0.205995 10.556500 -0.014536 -0.211104 0.977356 3.113400 0.000000 0.000000 0.000000 1.000000
0.990876 0.133604 0.017730 -0.000000 -0.134200 0.965918 0.221342 10.556500 0.012447 -0.221701 0.975035 3.113400 0.000000 0.000000 0.000000 1.000000
0.993859 0.109367 -0.016796 0.000000 -0.102919 0.969455 0.222630 10.556500 0.040632 -0.219534 0.974758 3.113400 0.000000 0.000000 0.000000 1.000000
0.994555 0.080681 -0.065955 0.000000 -0.065997 0.977465 0.200516 10.556500 0.080647 -0.195071 0.977468 3.113400 0.000000 0.000000 0.000000 1.000000
0.988301 0.061207 -0.139699 0.000000 -0.036109 0.983802 0.175582 10.556500 0.148183 -0.168483 0.974503 3.113400 0.000000 0.000000 0.000000 1.000000
0.975091 0.045348 -0.217119 0.000000 -0.012175 0.988344 0.151752 10.556500 0.221470 -0.145328 0.964277 3.113400 0.000000 0.000000 0.000000 1.000000
0.954404 0.054285 -0.293540 0.000000 -0.009347 0.988279 0.152375 10.556500 0.298371 -0.142684 0.943725 3.113400 0.000000 0.000000 0.000000 1.000000
0.934981 0.067637 -0.348190 0.000000 -0.016221 0.988777 0.148513 10.556500 0.354327 -0.133209 0.925585 3.113400 0.000000 0.000000 0.000000 1.000000
0.922090 0.057575 -0.382668 0.000000 -0.024478 0.995568 0.090806 10.556500 0.386201 -0.074364 0.919412 3.113400 0.000000 0.000000 0.000000 1.000000
0.912371 0.005092 -0.409333 0.000000 -0.024473 0.998813 -0.042125 10.556500 0.408632 0.048451 0.911412 3.113400 0.000000 0.000000 0.000000 1.000000
0.900117 -0.080771 -0.428096 0.000000 -0.008432 0.979249 -0.202487 10.556500 0.435567 0.185872 0.880757 3.113400 0.000000 0.000000 0.000000 1.000000
0.888005 -0.165492 -0.429021 0.000000 0.024030 0.948419 -0.316107 10.556500 0.459205 0.270396 0.846178 3.113400 0.000000 0.000000 0.000000 1.000000
0.883330 -0.220727 -0.413530 0.000000 0.068486 0.933500 -0.351976 10.556500 0.463721 0.282590 0.839706 3.113400 0.000000 0.000000 0.000000 1.000000
0.887804 -0.242562 -0.391111 0.000000 0.115108 0.939855 -0.321594 10.556500 0.445594 0.240492 0.862328 3.113400 0.000000 0.000000 0.000000 1.000000
0.900386 -0.236397 -0.365269 0.000000 0.155310 0.958839 -0.237711 10.556500 0.406428 0.157302 0.900040 3.113400 0.000000 0.000000 0.000000 1.000000
0.922143 -0.205542 -0.327726 0.000000 0.182768 0.978139 -0.099199 10.556500 0.340951 0.031578 0.939551 3.113400 0.000000 0.000000 0.000000 1.000000
0.950629 -0.156964 -0.267705 0.000000 0.186314 0.978555 0.087848 10.556500 0.248175 -0.133388 0.959488 3.113400 0.000000 0.000000 0.000000 1.000000
0.977564 -0.106156 -0.181934 0.000000 0.154402 0.948642 0.276114 10.556500 0.143279 -0.298010 0.943748 3.113400 0.000000 0.000000 0.000000 1.000000
0.994802 -0.066506 -0.077110 0.000000 0.092577 0.906072 0.412871 10.556500 0.042409 -0.417863 0.907520 3.113400 0.000000 0.000000 0.000000 1.000000</float_array>
        <technique_common>
